other_links.entity_id,Full name (vernacular),First name,Last name,Full name,VIAF ID,Title (same as alias?),Alias,Old Occupation data from Kircher DB,expertise/interests,expertise/interests major fields,office/position,Communities,Religion,Gender,Language(s),Published/circulated author?,Publication details,Spouse Name,"Location born (city, country)",birthdate,"Location died (city, country)",deathdate,Biographical notes,comments46982,[unidentified] Christoph,[unidentified],Christoph,"Christoph, [unidentified]",,,,Benedictine (O.S.B.),,,benedictine,clergy,Catholic,male,latin:1,,,,,,,,,47583,[unidentified] Ferrari,[unidentified],Ferrari,"Ferrari, [unidentified]",,,,,,,,,,male,italian:1,,,,,,,,,47624,[unidentified] Gusmans,[unidentified],Gusmans,"Gusmans, [unidentified]",,,Luis Gusman?,,,,,,,male,latin:1,,,,,,,,,47287,[unidentified] Pavias,[unidentified],Pavias,"Pavias, [unidentified]",,,,,,,,,,,italian:1,,,,,,,,,46844,[unidentified] Salaresco,[unidentified],Salaresco,"Salaresco, [unidentified]",,unreadable,,,,,,,,male,italian:1,,,,,,,,,47485,Abraham von Frankenberg,Abraham von,Frankenberg,"Frankenberg, Abraham von",32073892,,"Franckenberg, Amadeus von Friedleben","mystic, author, poet, hymn-writer","mysticism,poetry,hymns","religious/morality,poetry",,professional,Protestant,male,latin:7,Yes,,,"Bystre, Poland",1593-6-24,"Bystre, Poland",1652-6-25,,47147,Adam Adamandus Kochanski,Adam Adamandus,Kochanski,"Kochanski, Adam Adamandus",40198674,,,Jesuit (S.J.),mathematics,natural philosophy,jesuit,clergy,Catholic,male,"latin,italian:1;latin:9",Yes,Opuscula. Cz. 1-3,,"Dobrzy_, Poland",1631,"Teplice v _echách, Czech Republic",1700,,46863,Adam Aigenler,Adam,Aigenler,"Aigenler, Adam",,,,Jesuit (S.J.),"languages,hebrew,astronomy,geography","languages,natural philosophy,other",jesuit,clergy,Catholic,male,latin:4,Yes,"Tabulae duodecim fvndamenta lingvae sanctae: Una_ cum Exercitatione Grammatica in Psal. XXXIII. & Lexico Hebraico-Latino Brevi Et Clara Methodo Complexae = Lu_h_o_t i'b'. Dilingae: formis Academicis, apud Joannem Federle, 1670; Tabvla [Tabula] geographico-horologa universalis: problematis cosmographicis, astronomicis, geographicis, gnomonicis, geometricis illustrata et vnacvm succincta methodo qvaslibet mappas geographicas delineandi. Ingolstadii: Ostermayr, 1668 (diss).",,,,,,,47140,Adam Kalckhoven,Adam,Kalckhoven,"Kalckhoven, Adam",,,,Jesuit (S.J.),,,jesuit,clergy,Catholic,male,latin:1,,,,,,,,,47362,Adam Schirmbeck,Adam,Schirmbeck,"Schirmbeck, Adam",,,,Jesuit (S.J.),theater,other,jesuit,clergy,Catholic,male,latin:1,Yes,"Hercules Atlanti suffectus, Monachii 1651. Abfall vnd Widerkehr Zu Dem Creutz Christi Eines Egyptischen heiligen Ju_nglings, dessen Namen vnbekandt, 1651. Nabvchodonosor, Monachii 1635.",,,,,,playwright,47284,Adrien de Parvilliers,Adrien de,Parvilliers,"Parvilliers, Adrien de",,,,Jesuit (S.J.),,religious/morality,jesuit,clergy,Catholic,male,"latin,french,arabic:1;french:1",Yes,"La De_votion des pre_destine_s, ou les Stations de la Passion de Je_sus-Christ crucifie_, Paris 1609.",,,,,,,47059,Aegidius Gelenius,Aegidius,Gelenius,"Gelenius, Aegidius",,,,"historian, auditor of Cologne nunciatur, auxiliary bishop of Osnabr","history,church history,hagiography","history/classical scholarship,religious/morality","auditor,bishop","clergy,church_official",Catholic,male,latin:1,Yes,"Preciosa hierotheca: duodecim unionibus Coloniensis historiae exornata. 1634; Gelenius, Aegidius, and Baltasar a Mulheim. De Admiranda, Sacra, Et Civili Magnitudine Coloniae Claudiae Agrippinensis Augustae Ubiorum Urbis. Libri IV.: I. Ubiorum originem, Historiam, vetustatem, & venustatem, explicat. II. Insignia & Ortum Ubiae & Rhenanae Nobilitatis ... III. Urbis est Sacrarium, proferens ecclesiarum fundationes, incrementa, Sacrum Thesaurum ... IV. Sacros & pios Fastos ad Martyrologii formam digestos. Coloniae Agrippinae: Kalcovius, 1645; Vindex libertatis ecclesiasticae et martyr S. Engelbertus archiepiscopus. 1633. ",,,,,,,47040,Agostino Favoriti,Agostino,Favoriti,"Favoriti, Agostino",,,,"Secretary to Pope Innocent XI, scholar",poetry,poetry,secretary,secular_official,Catholic,male,italian:1,Yes,"Cesarini, Virginio, Agostino Favoriti, Ferdinand von Fu_rstenberg, Stjepan Gradic_, Alexander Pollinus, Natalis Rondininus, Johann Rodger Torck, Balthasar Moretus, and Alexander. Septem illvstrivm virorvm poemata. Antverpiae: Ex Officina plantiniana Balthasaris Moreti, 1662 (poem).",,,,,,"member of ""Pleias Alexandrina,"" an international group of Latin poets whose poetry appeared under the auspices of pope Alexander VII",46978,Aimé Chézaud,Aimé,Chézaud,"Chézaud, Aimé",,,,Jesuit (S.J.),,,jesuit,clergy,Catholic,male,"latin:10;arabic:1;latin,arabic:1;italian:1",,,,,,,,,47424,Albert (Wojciech) Tylkowski,Albert (Wojciech),Tylkowski,"Tylkowski, Albert (Wojciech)",,,,Jesuit (S.J.),natural philosophy,natural philosophy,jesuit,clergy,Catholic,male,latin:3;italian:2,Yes,"Meteorologia curiosa, etc., Cracoviae 1669. Disquisitio physica, ostenti duorum puerorum quorum unus cum dento aureo, alter cum capite gyganteo Vilnae in Lithuania... spectabatur anno... 1673, Olivae 1674.",,,,,,,47272,Albert d' Orville,Albert d',Orville,"Orville, Albert d'",8816595,,Dorville,Jesuit (S.J.),travel/exploration,travel/exploration,jesuit,clergy,Catholic,male,latin:1,,,,"Brussels, Belgium",1621-8-12,"Agra, India",1662-5-8,missionary in China,47035,Albert Otto Faber,Albert Otto,Faber,"Faber, Albert Otto",,,,"Physician at the court of Charles II., alchemist",alchemy,other,physician,professional,Quaker,male,latin:1,,,,,,,,,47000,Albrecht Curtz,Albrecht,Curtz,"Curtz, Albrecht",,,,Jesuit (S.J.),,,jesuit,clergy,Catholic,male,latin:2,,,,,,,,,47044,Albrecht Ernst von Freyberg,Albrecht Ernst von,Freyberg,"Freyberg, Albrecht Ernst von",,,,,,,,,,male,latin:1,,,,,,,,,47448,Albrecht Ernst von Wartenberg,Albrecht Ernst von,Wartenberg,"Wartenberg, Albrecht Ernst von",,,Bishop,bishop,,,bishop,"church_offical,titled_nobility",Catholic,male,latin:1,Yes,"Schatz-Kammer Der seeligsten Jungfrauen Maria aus Sion in dem neuen Jerusalem genandt : In welchem Der Ursprung der wunderbarlichen Stifftung der Kirchen unser Lieben Frauen des h. Ro_mischen Reichs freyen Stifft zu Nidermu_nster in Regenspurg beschrieben wird, Regensburg 1674. Ursprung und Herkom[m]en Der vormahls Herrlich- und Ko_niglichen Haupt-Statt Noreja Sampt dero Ko_nigreich Nortgau : wie selbe auch sambt dem Ko_nigreich von Haydnischen Ro_mern erobert worden und Augusta Tiberij benannt, anjetzo: Regens-Burgg ...Regensburg 1688.",,,,,,,47394,Albrecht Spieh,Albrecht,Spieh,"Spieh, Albrecht",,,,Jesuit (S.J.),,,jesuit,clergy,Catholic,male,latin:1,,,,,,,,,46746,Alejandro Fabián,Alejandro,Fabián,"Fabián, Alejandro",,,,Jesuit (S.J.),,,jesuit,clergy,Catholic,male,spanish:17,,,,,,,,,46883,Alessandro Argoli,Alessandro,Argoli,"Argoli, Alessandro",,,Bishop,bishop,,,bishop,"church_official,clergy",Catholic,male,italian:2,,,,,,,,,47372,Alessandro Segni,Alessandro,Segni,"Segni, Alessandro",,,,"secretary to Prince Leopold de' Medici, diplomat, secretary in Accademia della Crusca and Accademia del Cimento",,natural philosophy,"secretary,diplomat",secular_official,Catholic,male,italian:9,Yes,"Memorie de' viaggi, e feste per le reali nozze de'serenissimi sposi Violante Beatrice di Baviera, e Ferdinando Principe di Toscana, Firenze 1688. Le prove della sapienza, e del valore : festa a cavallo sotto la condotta del serenissimo principe di Toscana, Firenze 1686. Vocabolario degli accademici della Crusca, in questa 3. impressiono nuovamente cor., copiosumente accresciuto ., Firenze 1691.",,,1633,,1698,,46875,Alexander Andreas,Alexander,Andreas,"Andreas, Alexander",,,,,,,,,,male,latin:2,,,,,,,,,47118,Alexander Hofer,Alexander,Hofer,"Hofer, Alexander",,,,dean by St. Martin und Kastulus in Landshut,,,,"clergy, church_official",Catholic,male,latin:2,,,,,,,,,46900,Alexandre Barvoet,Alexandre,Barvoet,"Barvoet, Alexandre",,,,Jesuit (S.J.),,,jesuit,clergy,Catholic,male,latin:1,Yes,Vita R. P. Bernardini Realini e Societate Iesu. 1646; Catalogus praecipuorum Auctorum ineditorum mss. qui in bibliotheca Scorialensi asservantur. 1702. ,,,,,,,47463,Alexandre Wiltheim,Alexandre,Wiltheim,"Wiltheim, Alexandre",,,,Jesuit (S.J.),,religious/morality,jesuit,clergy,Catholic,male,latin:2,Yes,"Acta D. Dagoberti Francorvm Regis Et Martyris, Augustae Treverorum 1653.Livret de prieres a Nostre Dame de Consolation : avec autres prieres communes et quelques miracles nouvellement faicts par son intercession, Treves 1661. Vita venerabilis Yolandae Priorissae, Antverpia 1674.",,,,,,,46730,Alfonso Letta,Alfonso,Letta,"Letta, Alfonso",,,Cardinal of Santa Croce,Cardinal of Santa Croce,,,cardinal,"church_official,clergy",Catholic,male,italian:1,,,,,,,,,47143,Alphonsus Khonn (Kuhn),Alphonsus,Khonn (Kuhn),"Khonn (Kuhn), Alphonsus",,,,physician,medicine,natural philosophy,physician,professional,,male,"latin,italian:1;latin:2;italian:2",Yes,"Zachia, Paulus, and Alphonsus Khonn. Pauli Zachiæ, Medici Romani De Affectionibus Hypochondriacis Libri Tres. Augustae Vindelicorum: Go_rlinus, 1671; Transmutatio metallica curiosa et genuina. 1713. ",,,,,,,52865,Ambrosio Landucci,Ambrosio,Landucci,"Landucci, Ambrosio",,,Ambrogio,Augustinian,history,history/classical scholarship,bishop,church_offical,Catholic,male,,Yes,"Sacra Ilicetana sylva : sive, Origo et chronicon breve coenobii et congregat[ion]is de Iliceto Ord. Erem. S.P. Augustini in Tuscia, inscriptum et dicatum serenissimo Cosmo magno Hetruriae principi, 1653",,,1599,,1669,bishop of Porfirio,47060,Amerdey Gening,Amerdey,Gening,"Gening, Amerdey",,,,,,,,,,,italian:1,,,,,,,,,47349,Andrea Giulio Savini,Andrea Giulio,Savini,"Savini, Andrea Giulio",,,,Jesuit (S.J.),,,jesuit,clergy,Catholic,male,italian:1,,,,,,,,,46961,Andreas Carmroth,Andreas,Carmroth,"Carmroth, Andreas",,,,,,,,,,male,latin:1,,,,,,,,,47128,Andreas Huck,Andreas,Huck,"Huck, Andreas",,,,Jesuit (S.J.),,,jesuit,clergy,Catholic,male,latin:1,,,,,,,,,47145,Andreas Kircher,Andreas,Kircher,"Kircher, Andreas",,,,"Capuchin (O.F.M. Cap.),brother of Athanasius Kircher",,,capuchin,clergy,Catholic,male,latin:5,,,,,,,,,47146,Andreas Kobavius,Andreas,Kobavius,"Kobavius, Andreas",,,,Jesuit (S.J.),,,jesuit,clergy,Catholic,male,latin:2,Yes,"Vindiciae astronomicae theticae pro Dionysio, cognomento, Exigno, abbate Romano contra eximios chronographos praeter propter summos imos Aeram vulgarem Dionysianam usurpantes. Vienna: Gelbhaar, 1643.",,,,,,,47226,Andreas Mikker,Andreas,Mikker,"Mikker, Andreas",,,Mikher,Jesuit (S.J.),,,jesuit,clergy,Catholic,male,latin:1,,,,,,,,,47245,Andreas Müller,Andreas,Müller,"Müller, Andreas",7381809,,,scholar,orientalism,"languages,history/classical scholarship",,,Protestant,male,latin:4,Yes,"Disquisitio geographica et historica, de Chataja …, Berolini 1671",,"Greifenhagen, Germany",1630,"Szczecin, Poland",1694-10-26,,47353,Andreas Schaffer,Andreas,Schaffer,"Schaffer, Andreas",,,,Jesuit (S.J.),,,jesuit,clergy,Catholic,male,latin:9,,,,,,,,,47122,Andreas Sixtus Hörrer,Andreas Sixtus,Hörrer,"Hörrer, Andreas Sixtus",,,,Augustinian,,,Augustinian,clergy,Catholic,male,latin:5;italian:1,Yes,"Stansel, Valentin, and Andreas Sixtus Ho_rrer. Propositiones selenographicae sive de Luna. 1655.",,,,,,,47459,Andreas Wiegand,Andreas,Wiegand,"Wiegand, Andreas",,,,Jesuit (S.J.),,,jesuit,clergy,Catholic,male,latin:2,,,,,,,,,46966,André Catulle,André,Catulle,"Catulle, André",,"Archdeacon of Tournai, playwright",,,,,archdeacon,"clergy,church_official",Catholic,male,french:1,Yes,"Andreae Catvlli ... Tornacum, civitas metropolis & cathedra episcopalis Nerviorum. Bruxellae: Ex typographia_ Ioannis MommartI, 1652.",,,1588,,1667,,46879,Angelico Aprosi,Angelico,Aprosi,"Aprosi, Angelico",,,,,"collecting,apology ","history/classical scholarship,other",augustinian,clergy,Catholic,male,italian:1,Yes,"Biblioteca Aprosiana, Bologna, 1673.",,,,,,what kind of author? What kind of monk?,47159,Antoine de Lalouvère,Antoine de,Lalouvère,"Lalouvère, Antoine de",,,La Loubére,Jesuit (S.J.),,,jesuit,clergy,Catholic,male,latin:2,Yes,"Veterum geometria promota in septem de cycloide libris, Toulouse 1660.",,,,,,,47288,Antoine François Payen,Antoine François,Payen,"Payen, Antoine François",,,,"astronomer, juriconsult (Avocat)",astronomy ,natural philosophy,juriconsult,secular_official,,male,italian:5;latin:6;french:1,Yes,"Specvla astronomica, Paris 1665. Prodromus Iustinianus ad restituendam e fundamentis tum canonicam tum civilem iurisprudentiam necessarius, Paris 1665.",,,,,,,http://rsnr.royalsocietypublishing.org/content/61/3/251.full47426,Antoine Valat,Antoine,Valat,"Valat, Antoine",,,,Jesuit (S.J.),,,jesuit,clergy,Catholic,male,latin:1,,,,,,,,,46880,Antonio Aradz,Antonio,Aradz,"Aradz, Antonio",,,,Jesuit (S.J.),,,jesuit,clergy,Catholic,male,latin:1,,,,,,,,,46881,Antonio Arcamone,Antonio,Arcamone,"Arcamone, Antonio",,,,Jesuit (S.J.),,,jesuit,clergy,Catholic,male,italian:1,,,,,,,,,52876,Antonio Barberini,Antonio,Barberini,"Barberini, Antonio",122172229,Archbishop of Reims,,cardinal,,,cardinal,"clergy,church_official",Catholic,male,,,,,"Rome, Italy",1607-8-5,"Nemi, Italy",1671-8-3,,46974,Antonio Ceschi di Santa Croce,Antonio,Ceschi di Santa Croce,"Ceschi di Santa Croce, Antonio",,,,Jesuit (S.J.),,,jesuit,clergy,Catholic,male,latin:5,,,,,,,,,47486,Antonio Francesco Del Monte,Antonio Francesco,Del Monte,"Del Monte, Antonio Francesco",,,,,,,,,,male,latin:1,,,,,,,,,46968,Antonio Juan Centellas,Antonio Juan,Centellas,"Centellas, Antonio Juan",,,,Marquis,,,marquis,titled_nobility,Catholic,male,spanish:8,Yes,"Luz clara de la verdad iuridica. S.l: s.n, 1650; Defensa iuridica en la possesion calificada de la precedencia De el Regente don Antonio Iuan de Centellas, Cauallero de la Orden de Calatraua, de el Consejo Colateral, y Lugarteniente de la Real Camara de la Sumaria. Opugnada De el Regente don Francisco Ortiz. S.l: s.n, 1664; Disceptacion legal historica de el Regente D. Antonio Iuan de Centellas, Cauallero de la Orden de Calatraua, del Consejo Colateral, y Lugartheniente de la Real Camara de la Summaria de Napoles. Con el Regente Donato Antonio de Marinis, de el mesmo Consejo Colateral. Sobre la Precedencia en el Colateral, y en todos los Actos. S.l: s.n, 1665. ",,,,,,,47038,Antonio Maria Fabbrini,Antonio Maria,Fabbrini,"Fabbrini, Antonio Maria",,,,,,,,,,male,italian:1,,,,,,,,,47197,Antonio Maria Manfredi,Antonio Maria,Manfredi,"Manfredi, Antonio Maria",,,,Jesuit (S.J.),,,jesuit,clergy,Catholic,male,italian:1,Yes,"Breve ragguaglio della vita della serva di Dio Maria Felice Sbrolli, Foligno 1707.",,,,,,,47413,Antonio Terillo,Antonio,Terillo,"Terillo, Antonio",,,,Jesuit (S.J.),theology,religious/morality,jesuit,clergy,Catholic,male,italian:1,Yes,"Regula morum siue Tractatus bipartitus de sufficienti ad conscientiam rite formandam regula in quo usus cujusvis opinionis practice probabilis convincitur esse licitus, Leodii 1677. Fundamentum totivs theologiæ moralis, seu tractatvs de conscientia probabili. : in qvo, qva ratione, qva avthoritate irrefragabili, usus cujusvis opinionis practice probabilis demonstrantur esse licitus, Leodii 1668.",,,,,,,47438,Antonio Vischi,Antonio,Vischi,"Vischi, Antonio",,,,Jesuit (S.J.),,,jesuit,clergy,Catholic,male,italian:1,,,,,,,,,46725,Archduke of Austria Joseph Karl,Archduke of Austria,Joseph Karl,"Joseph Karl, Archduke of Austria",,,Archduke of Austria,Archduke of Austria,,,archduke,titled_nobility,Catholic,male,latin:1,,,,,,,,,46729,Archduke of Austria Leopold Wilhelm,Archduke of Austria,Leopold Wilhelm,"Leopold Wilhelm, Archduke of Austria",,,Archduke of Austria,Archduke of Austria,,,"archduke,governor,general","titled_nobility,secular_official",Catholic,male,latin:3,,,,,,,,,47103,August Hauptmann,August,Hauptmann,"Hauptmann, August",37908338,,,physician,"natural philosophy,medicine",natural philosophy,physician,professional,,male,latin:3,Yes,"Neues Chymisches Kunst-Project und sehr wichtiges Bergk-Bedencken: Vber die allergro_sten Hauptma_ngel des Bergckwercks ...; Benebenst einen vollkommenen Bergk-Bericht. Leipzig: Lo_ffler, 1658; Reibehand, Christoph, and August Hauptmann. Neun und siebentzig grosse und sonderbahre Wunder so in einem special-angegeben Subjecto Theils von der Natur, Theils aber in der gefu_hrten Arbeit sich befunden haben. Gotha: Verlegts Jacob Mevius, 1725; De genuino acidulas egranas salubriter usurpandi modo. Lipsiae: Typis haeredum Timothei Ho_nii, 1651; Insignes aliquot Viticulturæ Errores, Eximis naturæ fundamentis, & tribus ejusdem regnis, secundum veræ Philosophiæ trutinam, & mirae Chymiæ Cynosuram deducti atq[ue] detecti, Das ist: Vberauß grosse Weinbaws-Jrrthumbe: Auß den innersten Gru_nden der Natur/ vnd deroselben dreyen Reichen/ nach der waaren philosophischen Richtschnur/ vnd wundersamen Chymischen Winckelmaß heraußgesuchet und ero_ffnet. Nu_rnberg: Endter, 1642. ",,,1607,,1674,,46892,Baldassare Ballone,Baldassare,Ballone,"Ballone, Baldassare",,,,,,,,,,male,italian:1,,,,,,,,,47219,Baldassare Loyola Mendes (Mendez),Baldassare Loyola,Mendes (Mendez),"Mendes (Mendez), Baldassare Loyola",,,,Jesuit (S.J.),,,jesuit,clergy,Catholic,male,italian:2,,,,,,,,,47387,Baldassaro Sozzifanti,Baldassaro,Sozzifanti,"Sozzifanti, Baldassaro",,,,,,,,,,male,italian:4,,,,,,,,,46989,Balthasar Conrad,Balthasar,Conrad,"Conrad, Balthasar",74790846,,,Jesuit (S.J.),,,jesuit,clergy,Catholic,male,latin:4,,,,"Nisa, Poland",1599,"Klodsko, Poland",1660,,47263,Barthold Nihus,Barthold,Nihus,"Nihus, Barthold",,,controversialist,"Theologian, priest, abbott, Bishop of Myra",theology ,religious/morality,"priest,abbott,bishop","clergy,church_official",Catholic convert,male,latin:60,Yes,"Annotationes de communione Orientalium sub specie unica, Coloniae 1648. Irenicus, ac concordiam cum Catholicis facillima ratione ineundam Lutheranos amice_ invitans. 1634.",,"Holtorf, Germany",1590-2-7,"Erfurt, Germany",1657-3-10,was he also a bishop?,47110,Bartholomé d' Herbelot,Bartholomé d',Herbelot,"Herbelot, Bartholomé d'",17374112,,"Herbelot de Molainville, Barthe_lemy d'.","orientalist, oriental interpreter to the king of France",orientalism ,languages,"interpreter, professor",professional,Catholic,male,latin:1,Yes,Bibliothe_que orientale ou dictionnaire universel,,,1625,,1695,I assume catholic,46864,Bartolomeo Alberti,Bartolomeo,Alberti,"Alberti, Bartolomeo",,,,Jesuit (S.J.),,,jesuit,clergy,Catholic,male,latin:3,Yes,"Il cacciator bolognese o vero Brevi notizie intorno alla generazione delli uccelli e a'vari modi piu_ facili o sicuri per prenderli in buon numero. Bologna: Societa_ Tipografica gia_ Compositori, 1929.",,,,,,,47417,Bartolomeo Torrini,Bartolomeo,Torrini,"Torrini, Bartolomeo",,,,,mathematics,natural philosophy,physician,professional,Catholic,male,italian:1,Yes,"Parnassus triceps, seu Musarum afflatus physiatromatematici… 1655.",,,,,,,http://books.google.cz/books?id=IPwBAAAAQAAJ&pg=PT20&dq=Bartolomeo+Torrini&hl=en&sa=X&ei=LdU7T4jqMsGi-gaWh8isBw&redir_esc=y#v=onepage&q=Bartolomeo%20Torrini&f=false47339,Benedetto Salvago,Benedetto,Salvago,"Salvago, Benedetto",,,,"writer, poet, agent of Messina in Rome","poetry,apology","poetry,other","jurist, diplomat, poet",professional,Catholic,male,latin:1;italian:1;dutch:1,Yes,"Apologia pro pietate Messanensium ex traditione repromissae protectionis in epistola B. M. Virginis ; adversu_s Rocchum Pirrum Netinum, Messanae 1634.",,,1634,,1670,,47153,Benjamin Krause,Benjamin,Krause,"Krause, Benjamin",,,Gottlieb Benjamin Krause,,,,,,,male,latin:2,Yes,"Oratio, de togata virtute, Strassbourg 1649.",,,,,,,52878,Bernardino Spada,Bernardino,Spada,"Spada, Bernardino",73996886,"Bishop of Albano, Frascati, Sabina and Palestrina",,cardinal,,,cardinal,"clergy,church_official",Catholic,male,,,?,,"Brisighella, Italy",1594-4-21,"Rome, Italy",1661-11-10,,47065,Bernhard Geyer,Bernhard,Geyer,"Geyer, Bernhard",,,,"Jesuit (S.J.),Confessor to Ferdinand IV, King of the Romans",,,"jesuit,confessor",clergy,Catholic,male,latin:5,,,,,,,,,47565,Bernhard Gustav von Baden,Bernhard Gustav von,Baden-Durlach,"Baden-Durlach, Bernhard Gustav von",27870530,"cardinal, major-general, prince abbot of Fulda and Kempten",Cardinal,Cardinal,,,"cardinal,major general,prince abbott","church_official,titled_nobility,clergy",Catholic convert,male,latin:2,,,,"Karlsburg, Germany",1631-12-24,"Hammelburg, Germany",1677-12-26,,52879,Johann Martin Hirt,Johann Martin,Hirt,"Hirt, Johann Martin",37810069,,,,,,councillor,professional,Protestant,male,,,,,,,,1661-3-0,councillor of Duke August,I suggest protestant,"Bernhardi de Bernitz, Sophianna Corbiniana",Sophianna Corbiniana,Bernhardi de Bernitz,"Bernhardi de Bernitz, Sophianna Corbiniana",,,,,,,,,,,,,,,,,,,,,"Reisel, Salomon",Salomon,Reisel,"Reisel, Salomon",77116243,,,,,,,,,,,,,,,,,,,,"Sachs von Löwenheim, Philipp JaKob",Philipp JaKob,Sachs von Löwenheim,"Sachs von Löwenheim, Philipp JaKob",,,,,,,,,,,,,,,,,,,,,"Golius, Jacobus",Jacobus,Golius,"Golius, Jacobus",10605557,,,,,,,,,,,,,,,,,,,,"Johann Friedrich, Duke of Brunswick-Lüneburg",Johann Friedrich, Duke of Brunswick-Lüneburg," Duke of Brunswick-Lüneburg, Johann Friedrich",,,,,,,,,,,,,,,,,,,,46733,Bernhard Ignaz von Martinitz,Bernhard Ignaz von,Martinitz,"Martinitz, Bernhard Ignaz von",,,Burgrave of Bohemia,Burgrave of Bohemia,,,burgrave,"titled_nobility,secular_official",Catholic,male,latin:24;italian:4,,,,,1615,,1685,,47327,Bernhard Rottendorff,Bernhard,Rottendorff,"Rottendorff, Bernhard",,,,physician,medicine,natural philosophy,physician,professional,,male,latin:1,Yes,"Consilium oder ra_thliches Gutachten, die anhero schwebende epidemische Hauptkrankheit oder Ungarische Fiebersucht betr., Muenster 1628. Hugonis Floriacensis monachi Benedictini Chronicon, Monasterii Westphaliae 1638. Observationum medicinalium libri tres, Francofurti 1643.",,,,,,also an editor/author?,47179,Bernhard von Linnius,Bernhard von,Linnius,"Linnius, Bernhard von",,,,Jesuit (S.J.),,,jesuit,clergy,Catholic,male,latin:2,,,,,,,,,47194,Bernhard von Mallinkrodt,Bernhard von,Mallinkrodt,"Mallinkrodt, Bernhard von",,,,dean of Muenster,,,dean,"church_official,titled_nobility",Catholic convert,male,latin:1,Yes,"De Ortu Ac Progressu Artis Typographicæ Dissertatio Historica, In Qua Præter alia pleraque Ad Calcographices Negocium Spectantia De Auctoribus Et Loco inuentionis præcipue_ inquiritur, Proque Moguntinis Contra Harlemenses concluditur, Coloniae Agrippiae 1640.",,"Ahlen, Germany",1591-11-29,"Burg Ottenstein, Germany",1664-3-7,"can we be more specific than ""bibliophile""?",46898,Bertel Bartholin,Bertel,Bartholin,"Bartholin, Bertel",90811184,,,"Professor of Rhetoric, antiquarian",antiquarianism,history/classical scholarship,professor,professional,Protestant,male,latin:1,Yes,"Commentarius de Paenula: Accessit Henr. Ernestii eiusdem argumenti epistola. 1655; Exercitatio Philologica De Latini Sermonis Puritate. Kopenhagen: Martzan, 1645.",Sille Marie Globe,"Copenhagen, Denmark",1614-09-21,,1690-01-29,Swedish/Danish,47578,Botuito Nericio,Botuito,Nericio,"Nericio, Botuito",,,,,,,,,,male,italian:1,,,,,,,,,46827,Carbone Delmona,Carbone,Delmona,"Delmona, Carbone",,unreadable,,,,,,,,male,italian:1,,,,,,,,,46759,Carlo Calà,Carlo,Calà,"Calà, Carlo",,,Duke of Diano,Duke of Diano,"history,occultism","history/classical scholarship,other",duke,titled_nobility,Catholic,male,italian:18;latin:4,Yes,"Historia de Svevi nel conqvisto de' regni di Napoli, e di Sicilia, 1660; Memoire historiche dell'apparitione dell croci prodigiose, 1661; Pragmaticae, edicta, decreta, regiaeq. sanctiones, Regni Neapolitani, pluribus additis, suisque loci, 1715. ",,,,,,,46707,Carlo Conti,Carlo,Conti,"Conti, Carlo",,,Cardinal,"Duke of Poldi,Cardinal",,,"cardinal,duke","church_official,clergy",Catholic,male,latin:1;italian:2,,,,,,,,,46997,Carlo Costanzo Costa,Carlo Costanzo,Costa,"Costa, Carlo Costanzo",,,,,,,,,,male,italian:1,Yes,"L'astrologo non astrologo, e gl'amori stvrbati; comedia del dottor Ottone Lazaro Scacco [pseud.]. Genova: Per P.G. Calezani ad instanza di G. e G. Andreoli, 1665.",,,,,,,47001,Carlo Cusani,Carlo,Cusani,"Cusani, Carlo",,,,Jesuit (S.J.),,,jesuit,clergy,Catholic,male,italian:3,,,,,,,,,47567,Carlo di Theodoli,Carlo di,Theodoli,"Theodoli, Carlo di",,,Marquis,Marquis,collecting,other,marquis,titled_nobility,Catholic,male,italian:1,,,,,1633?,,1697,,47243,Carlo Moscheni,Carlo,Moscheni,"Moscheni, Carlo",,,,"writer, jurist",law,other,"writer, jurist",professional,Catholic,male,latin:2;italian:1,Yes,"Letter missiue, e responsiue delle bestie, Venezia 1680, Caroli Moschemi Anconitani, Tacitus historiatus, sive aphorismi politice, Taciti regulis accommodati, Giessane 1667.",,,,,,,47252,Carlo Nardini,Carlo,Nardini,"Nardini, Carlo",,,,,,,,,,male,italian:1,,,,,,,,,http://books.google.cz/books?id=lxZAAAAAcAAJ&pg=PP23&lpg=PP23&dq=Carlo+Nardini+Tivoli&source=bl&ots=GR5ag2IKS6&sig=H0rjQtAveciyQ6OXOkipE1md4WU&hl=cs&sa=X&ei=SFM2T7y3PIeohAeaxc30AQ&ved=0CFkQ6AEwBw#v=onepage&q=Nardini&f=false46826,Carlo Ottone,Carlo,Ottone,"Ottone, Carlo",,,Monsignor,"Monsignor,Governor of Loreto",,,"monsignor,governor","clergy,secular_official",Catholic,male,italian:1,,,,,,,,,47319,Carlo Rinaldini,Carlo,Rinaldini,"Rinaldini, Carlo",50322264,,Rinaldi,"professor of Mathematics at the University of Pisa, anatomy and medicine at Padova, natural philosopher","natural philosophy,mathematics,anatomy,medicine",natural philosophy,professor,professional,Catholic,male,italian:2,Yes,"Caroli Renaldini Opus mathematicum: in quo utraque algebra illustratur, 1655.",,"Ancona, Italy",1615,"Ancona, Italy",1698,,47383,Carlo Sinibaldi,Carlo,Sinibaldi,"Sinibaldi, Carlo",,,Andrea,cavaliere,music,music,chevalier,titled_nobility,Catholic,male,italian:1,Yes,"I Mirti Intrecciati A Gli Allori Nelle Nozze Avgvstissime delle Sacre, E Reali Maesta_ Di Givseppe Re'De'Romani, E Di Amelia Nata Principessa D'Hannover : Ode Pindarica Epitalamica Del Cavaliere Don Carlo Andrea Sinibaldi Dell'Ordine di S. Iago, Patricio Faentino : All' ... Sig. Cardinale Vincenzo Grimani, Faenza 1699.Irene Conciliatrice Dell'Evropa, E Dell'Asia, Nella Tregua di Vinticinque Anni, Seguita nel Congresso di Carlouitz in Schiauonia, L'Anno M. D C. I C. : Tra la Sacra, e Cesarea Maesta_ di Leopoldo Primo Imperatore de'Romani ... ; Ode Pindarica Del Caualiere D. Carlo Andrea Sinibaldi dell'Ordine di S. Iago, Patricio Faentino All' ... Conte Ferdinando D'Arrach .... Faenza 1699.",,,,,,,52812,Carlos Sigüenza y Góngora,Carlos,Sigüenza y Góngora,"Sigüenza y Góngora, Carlos",59112593,Maestro,,scholar,,,,clergy,Catholic,male,,Yes,"Noticia chronologica de los gobernantes mexicanos, Mexico 1680.Parayso occidental, plantado y cultivado por la liberal benefica mano de los muy catholicos, y poderosos reyes de Espan_a, Mexico 1684.",,"Mexico City, Mexico",1645-8-14,"Mexico City, Mexico",1700-8-22,can we be more specific about occupation? What kind of knowledge did he specialize in?,47239,Casimiro de Monte Vecchio,Casimiro de,Monte Vecchio,"Monte Vecchio, Casimiro de",,,,Franciscan (O.F.M.),,,franciscan,clergy,Catholic,male,italian:2,,,,,,,,,46784,Cassiano Dal Pozzo,Cassiano,Dal Pozzo,"Dal Pozzo, Cassiano",,,Cavaliere,"collector,Cavaliere,church_official","collecting,antiquarianism,natural history","natural philosophy,history/classical scholarship","cavalier,secretary",titled_nobility,Catholic,male,italian:2,,,,,,,,Member of Accademia dei Lincei,47314,Cassien Rerde,Cassien,Rerde,"Rerde, Cassien",,,,Franciscan (O.F.M.),,,franciscan,clergy,Catholic,male,french:1,,,,,,,,,46713,Cesare Facchinetti,Cesare,Facchinetti,"Facchinetti, Cesare",,,,Cardinal,,,cardinal,"clergy,church_official",Catholic,male,italian:2,Yes,"Cesare per misericordia di Dio, della S.R.C. del titolo de SS. Quattro Coronati Prete Card. Fachenetti Vescouo di Spoleti[sic], 1658; Officium Beatissimae Virginis Mariae de Mercede Redemptionis Captiuorum.: A Sac. Rit. Congreg. recognitum, & approbatum, 1679; Officium S. Margaritae Scotorum Reginae semiduplex. A Sac. Rit. Congreg. recognitum, & approbatum. De mandato D.N. Innocentij Papae XI. in Breuiario Romano apponen: Et ab omnibus vtriusque sexus Christifidelibus, qui ad horas canonicas tenentur, ad libitum recitandum die octaua Iulij, 1679.",,,,,,,47276,Cesare Paleari,Cesare,Paleari,"Paleari, Cesare",,,,,,,,,,male,italian:1,,,,,,,,,http://books.google.cz/books?id=bx4VAAAAQAAJ&pg=RA1-PA50&dq=Cesare+Paleari+Pavia&hl=cs&sa=X&ei=9Vc2T-3zBcSHhQeR5ISmAg&ved=0CDMQ6AEwAA#v=onepage&q=Cesare%20Paleari%20Pavia&f=false47296,Charles Piget,Charles,Piget,"Piget, Charles",,,,Jesuit (S.J.),,,jesuit,clergy,Catholic,male,latin:2,,,,,,,,,46901,Chevalier de Beauchamps,Chevalier de,Beauchamps,"Beauchamps, Chevalier de",,,,,,,chevalier,titled_nobility,,male,italian:6 ,,,,,,,,,47482,Christian Augustin Flader,Christian Augustin,Flader,"Flader, Christian Augustin",,,,Secretary to Cardinal Ernst Adalbert von Harrach,,,secretary,secular_official,Catholic,male,latin:3;german:2,,,,,,,,,47286,Christian Franz Paullini,Christian Franz,Paullini,"Paullini, Christian Franz",267145862,,,physician,"history,medicine","history/classical scholarship,natural philosophy",physician,professional,Protestant,male,latin:3,Yes,"Talpa descripta, Francoforti 1689. Chronicon Coenobii Montis-Francorum Goslariae, Francoforti 1698.",,"Eisenach, Germany",1643-2-25,"Eisenach, Germany",1712-7-10,I assume catholic,I assume Protestant - Member of Academia naturae curiosorum47519,Christian Gunthard Osten,Christian Gunthard,Osten,"Osten, Christian Gunthard",,,,,,,,,,male,italian:1,,,,,,,,,47256,Christian Neuburger,Christian,Neuburger,"Neuburger, Christian",,,,Jesuit (S.J.),,,jesuit,clergy,Catholic,male,latin:1,,,,,,,,,47033,Christoph Alphons von Erdödi,Christoph Alphons von,Erdödi,"Erdödi, Christoph Alphons von",,,"second name is Antonius, Kri_tof Anton,  ",,,,count,titled_nobility,Catholic,male,latin:1;italian:1,,,,,,,,,47028,Christoph Emertz,Christoph,Emertz,"Emertz, Christoph",,,,,,,,,,male,latin:1,,,,,,,,,47268,Christoph Offenhausen,Christoph,Offenhausen,"Offenhausen, Christoph",,,,Jesuit (S.J.),,,jesuit,clergy,Catholic,male,latin:1,Yes,"Innocentia, a Zelotypia Condemnata, A S. Udalrico, Augustanorum Episcopo, Prodigiose_ vindicata, Amberg 1676.",,,,,,,47273,Christoph Ott,Christoph,Ott,"Ott, Christoph",,,,Jesuit (S.J.),,,jesuit,clergy,Catholic,male,latin:1,Yes,"Hoche Schuel Der lieben Elteren : Darinnen Die Christliche Kinderzucht Als der Gro_sten Ku_nsten eine gelehret wirdt, Ingolstadt 1657.",,,,,,,47340,Christoph Sandius,Christoph,Sandius,"Sandius, Christoph",72334389,,"Christoph Sand, Christof Van den Sand","editor, translator, publisher, writer",,religious/morality,"editor,translator,publisher",professional,Protestant,male,latin:1,Yes,"Nucleus historiae ecclesiasticae, Cosmopoli 1669. Interpretationes Paradoxæ Qvatvor Evangeliorvm, cosmolopli 1670.",,"Königsberg, Russia",1644,"Amsterdam, The Netherlands",1680,arian. What kind of writer?,47360,Christoph Scheiner,Christoph,Scheiner,"Scheiner, Christoph",,,,"natural philosopher,Jesuit (S.J.),astronomer","astronomy,natural philosophy",natural philosophy,jesuit,clergy,Catholic,male,latin:1,Yes,"De macvlis solarib. et stellis circa Iouem errantibus, accvratior disqvisitio , Augustae Vindelicorum 1612.Oculus, hoc est fundamentum opticum, London 1652. Rosa Ursina, Bracciani 1626-1630.",,,,,,,46800,Christoph Schorrer,Christoph,Schorrer,"Schorrer, Christoph",,,,Jesuit (S.J.),theology,religious/morality,jesuit,clergy,Catholic,male,latin:6,Yes,"Synopsis iuris canonici versantis circa ordinis potestatem, ecclesias, et beneficia; 1658. Theologia Ascetica Sive Doctrina Spiritvalis Vniversa: Ex Svis Principiis Methodice, Et Breviter Dedvcta, Et Ad Vsvm Parata, 1642; Svmma Perfectionis Christianae, 1668. ",,,,,,,47083,Christoph Stanislas Gruszynski,Christoph Stanislas,Gruszynski,"Gruszynski, Christoph Stanislas",,,,Jesuit (S.J.),,,jesuit,clergy,Catholic,male,latin:1,,,,,,,,,47403,Christoph Stettinger,Christoph,Stettinger,"Stettinger, Christoph",,,,Jesuit (S.J.),,,jesuit,clergy,Catholic,male,latin:7,,,,,,,,,46846,Christoph von Rantzau,Christoph von,Rantzau,"Rantzau, Christoph von",,,,count,,,count,titled_nobility,Catholic convert,male,latin:4;german:2,,,,,1623,"Köln, Germany",1696-01-16,,47454,Christoph Werckmann,Christoph,Werckmann,"Werckmann, Christoph",,,Weickmann,,collecting ,other,merchant,professional,,male,german:1,Yes,"Verzeichnus Unterschidlicher Thier/ Vo_gel/ Fisch/ Meergewa_chs/ Ertz- und Bergarten/ Edlen und anderen Steinen/ außla_ndischem Holtz und Fru_chten/ Kunst- und frembden Sachen/ Mahlereyen/ Muschel und Schneckenwerck/ Heydnischen und andern Mu_ntzen, Ulm 1655.New-erfundenes grosses Ko_nigs-Spiel : welches sich zwar mit dem sinnreichen ... Schach-Spiel vergleichet, Ulm 1664.",,,1617,,1681,,47462,Christoph Wilpenhofer,Christoph,Wilpenhofer,"Wilpenhofer, Christoph",,,,Jesuit (S.J.),,,jesuit,clergy,Catholic,male,latin:3,,,,,,,,,46929,Claude Boissin,Claude,Boissin,"Boissin, Claude",,,,Chancellor of the Monte Comune of Florence,,,chancellor,secular_offical,Catholic,male,italian:1,,? De valore Floreni aurei Florentini commentarius: ex codice autographo prima vice in publicum profertur. 1752. ,,,,,,,47195,Claude Maltrait,Claude,Maltrait,"Maltrait, Claude",8452905,,"Maltret, Maltres",Jesuit (S.J.),"history,rhetoric","history/classical scholarship,other",,clergy,Catholic,male,latin:1;french:1,Yes,produced edition of the Histories of Procopius with critical commentary. See: http://www.newadvent.org/cathen/09576a.htm,,"Puy, France",1621-10-3,"Toulouse, France",1674-1-3,,47258,Claude Nicaise,Claude,Nicaise,"Nicaise, Claude",27836789,,d´Abbé Nicaise,canon in Dijon,,,canon,clergy,Catholic,male,latin:2;italian:2,Yes,"De Nummo Pantheo Hadriani Imperatoris Dissertatio, Lugdunum 1689.",,"Dijon, France",1623,,1701,what kind of scholar?,46943,Claude Simon Brun,Claude Simon,Brun,"Brun, Claude Simon",,,,Jesuit (S.J.),,,jesuit,clergy,Catholic,male,latin:1,,,,,,,,Is this Claude Le Brun de La Rochett?,46825,Claudio Marazzani Visconti,Claudio,Marazzani Visconti,"Marazzani Visconti, Claudio",,,Monsignor,Monsignor,poetry,poetry,monsignor,clergy,Catholic,male,italian:1,Yes,,,,,,,,47381,Clemente Silvestri,Clemente,Silvestri,"Silvestri, Clemente",,,,Jesuit (S.J.),,,jesuit,clergy,Catholic,male,italian:1,,,,,,,,,47399,Conrad Balthasar von Stahrenberg,Conrad Balthasar von,Stahrenberg,"Stahrenberg, Conrad Balthasar von",,,,count,,,count,titled_nobility,Catholic,male,german:1,,,,,,,,,47545,Conrad Wicelius,Conrad,Wicelius,"Wicelius, Conrad",,,Wizel,,,,pastor,clergy,Catholic,male,latin:3,,,,,,,,pastor in Geisa,47039,Constantino Fabrizzio,Constantino,Fabrizzio,"Fabrizzio, Constantino",,,,"physician,medico ordinario della citt",medicine,natural philosophy,physician,professional,,male,italian:1,,,,,,,,,47192,Cornelio Magni,Cornelio,Magni,"Magni, Cornelio",,,,"writer, traveler/explorer",travel/exploration,"travel/exploration,religious/morality",,,Catholic,male,italian:2,Yes,"Quanto di piu_ curioso e vago ha_ potuto raccorre Cornelio Magni nel primo biennio da esso consumato in viaggi e dimore per la Turchia resta distribuito in questa prima parte, parma 1692. Relazione della citta_ d'Athene, colle prouincie dell' Attica, Focia, Beozia, e Negroponte, ne' tempi, che furono queste passeggiate, Parma 1688.",,,1638,,1692,what kind of writer?,47254,Cornelio Neagri,Cornelio,Neagri,"Neagri, Cornelio",,,,,,,,,,male,italian:1,,,,,,,,what kind of writer? Travel exploration,47061,Cornelius Gentilotti,Cornelius,Gentilotti,"Gentilotti, Cornelius",,,,Jesuit (S.J.),,,jesuit,clergy,Catholic,male,latin:1,Yes,"Ferdinandus Tertius Romanorum Imperator Semper Avgvstvs ...: Panegyrica Fvnebri [funebri], Inter Solennes Triduanasque Exequias Qvas Caesareo-Academicum Soc: Jesu Viennense Collegium Eidem ... In Templo Academico ejusdem Societatis Jesu, ... Anno Salutis M.DC.LVII. Celebravit, Per R. P. Cornelium Gentilottum ... Orbi Propositus. Viennae Austriae: Cosmerovius, 1657; Maria Virgo Sine Macula Concepta: Ferdinando III. Romanor. Imperat. In Arcu Coelesti Repraesentata Ipso die Immaculatae Conceptioni Sacro, Dvm Primvm Antiq. et Celeber. Universitate Vienensi solenniter hoc Festum celebrante in Basilica D. Stephani, Sacra Maiestas Augustissimam sua praesentia reddidit solennitatem. Viennae Austriae: Cosmerovius, 1649. ",,,,,,,49573,"Cosimo de' Medici, grand duke of Tuscany",Cosimo III.  de',"Medici, grand duke of Tuscany","Medici, grand duke of Tuscany, Cosimo III.  de'",,,"Cosimo de'Medici, grand duke of Tuscany",,,,grand duke,titled_nobility,Catholic,male,,,?,Marguerite Louise d'Orléans,"Firenze, Italy",1642-8-14,"Firenze, Italy",1723-10-31,,47481,Count of Brienne Henri Louis,Count of Brienne,Henri Louis,"Henri Louis, Count of Brienne",,,Count of Brienne,Count of Brienne,,,count,titled_nobility,Protestant,male,latin:1,,,,,,,,Protestant?,46843,Count of  S. Bonifazio Borso,Count of  S. Bonifazio,Borso,"Borso, Count of  S. Bonifazio",,,,count,,,count,titled_nobility,Catholic,male,italian:1,,,,,,,,,46886,Cristoforo Auria,Cristoforo,Auria,"Auria, Cristoforo",,,Christophorus de Auria,,,,,,,male,latin:1,,,,,,,,,46969,Cristoforo Centurio,Cristoforo,Centurio,"Centurio, Cristoforo",,,,Jesuit (S.J.),,,jesuit,clergy,Catholic,male,italian:14,,,,,,,,,47220,Cristoforo Mendoça,Cristoforo,Mendoça,"Mendoça, Cristoforo",,,,Jesuit (S.J.),,,jesuit,clergy,Catholic,male,latin:1,,,,,,,,,47144,Cyprian Kinner,Cyprian,Kinner,"Kinner, Cyprian",,,,physician,"medicine,law,education","natural philosophy,other","physician,lawyer",professional,Protestant,male,latin:29,Yes,"D. C. Kinnerus ... Cogitationum Didacticarum Dialyposis Summaria, Etc. 1648",,,,,,"I assume protestant, he was reformer of education, friend of Comenius",47279,Daniel (van) Papebroch (Papenbroeck),Daniel (van),Papebroch (Papenbroeck),"Papebroch (Papenbroeck), Daniel (van)",,,,Jesuit (S.J.),,,jesuit,clergy,Catholic,male,latin:7,Yes,"Acta sanctae principis Joannae, Antwerpen 1688.",,,,,,,46927,Daniel Bockelmann,Daniel,Bockelmann,"Bockelmann, Daniel",,,Bockelman,,,,priest,clergy,,male,latin:1,,,,,,,,priest in Wijhe. I assume Protestant or convert. ,47294,Daniel Pfeiffer,Daniel,Pfeiffer,"Pfeiffer, Daniel",,,,,,,,,,male,latin:1,,,,,,,,,different name47402,Daniel Steiß,Daniel,Steiß,"Steiß, Daniel",,,,,,,,,,male,latin:1,,,,,,,,,47233,Daniel Wilhelm Moller,Daniel Wilhelm,Moller,"Moller, Daniel Wilhelm",22132658,,,professor at Altdorf,"history, metaphysics",history/classical scholarship,professor,professional,Protestant,male,latin:1,Yes,"Reimundi Rimandi Preßburger Kirchen- und Schul-Verlust, 1673.",,"Bratislava, Slovak Republic",1642-5-26,"Altdorf, Germany",1712-2-25,http://de.wikipedia.org/wiki/Daniel_Wilhelm_Moller,46838,da Treviso Leli,da Treviso,Leli,"Leli, da Treviso",,,,Servite (O.S.M.),,,servite,clergy,Catholic,male,italian:1,,,,,,,,,46932,David Bartholomé Bonamour,David Bartholomé,Bonamour,"Bonamour, David Bartholomé",,,,Jesuit (S.J.),,,jesuit,clergy,Catholic,male,greek:1,,,,,,,,,47291,Denis Petau,Denis,Petau,"Petau, Denis",51717250,,Dionysius Petavius,Jesuit (S.J.),theology,religious/morality, jesuit,clergy,Catholic,male,latin:2,Yes,"Opera poetica, 1642.Rationarium Temporum: In quo aetatum omnium sacra profanaque, 1633.",,"Orléans, France",1583-8-21,"Paris, France",1652-12-11,,46803,Desiderio Montemagno,Desiderio,Montemagno,"Montemagno, Desiderio",,,,secretary,,,secretary,secular_official,Catholic,male,italian:1,Yes,Athene Receptaculum diversorum,,,,,,,47306,Diego Ragusa,Diego,Ragusa,"Ragusa, Diego",,,,physician,medicine,natural philosophy,physician,professional,Catholic,male,italian:1,,,,,,,,,47437,Diego Vicente de Vidania,Diego Vicente de,Vidania,"Vidania, Diego Vicente de",,,,Chaplain to the King of Naples,collecting,other,chaplain,"clergy,church_official",Catholic,male,spanish:3,Yes,"Carta de Diego Vicencio Vidania a Lastanosa (Prolego_menos de algunos de los ejemplares del tratado de la moneda Jaquesa -Zaragoza, 1681.Vicente Antonio Lastanosa es armado caballero, 1682.",,,,,,,http://books.google.cz/books?id=hvQLrpQZS7kC&pg=PA185&dq=Diego+Vicente+de+Vidania&hl=en&sa=X&ei=Utw7T9LoOMma-waF1o2tBw&redir_esc=y#v=onepage&q=Diego%20Vicente%20de%20Vidania&f=false46824,Domenico Blandizzi,Domenico,Blandizzi,"Blandizzi, Domenico",,,Bishop of Umbriatico (Catanzaro),Bishop of Umbriatico (Catanzaro),,,bishop,"clergy,church_official",Catholic,male,italian:1,,,,,,,,,46945,Domenico Brunacci,Domenico,Brunacci,"Brunacci, Domenico",,,,Jesuit (S.J.),,,jesuit,clergy,Catholic,male,italian:5,,,,,,,,,47186,Domenico Magri,Domenico,Magri,"Magri, Domenico",,,,Oratorian (Cong. Orat.),languages,languages,translator,clergy,Catholic,male,latin:5;italian:1,Yes,"Breve racconto del viaggio al monte Libano, Roma 1655. Notitia de' vocaboli ecclesiastici, con la dichiaratione delle cerimonie, & origine de' riti sacri, roma 1650.",,,,,,,http://www.uni-mannheim.de/mateo/camenaref/magri.html46895,Domingo Barboza,Domingo,Barboza,"Barboza, Domingo",,,,Jesuit (S.J.),,,jesuit,clergy,Catholic,male,latin:1,,,,,,,,,47175,Donato Angelo di Lettieri,Donato Angelo di,Lettieri,"Lettieri, Donato Angelo di",,,,singer in Gravina cathedral,music,music,,professional,Catholic,male,italian:2,,,,,,,,,http://books.google.cz/books?id=8pBIAAAAcAAJ&pg=PA195&lpg=PA195&dq=Donato+Angelo+Lettieri&source=bl&ots=wZD07A46QE&sig=aqCyFV7Jx8iNg7UqxxFj0XW2D_g&hl=en&sa=X&ei=xP40T8vyBMuq-ga3nqH2AQ&redir_esc=y#v=onepage&q=Donato%20Angelo%20Lettieri&f=false47391,Duchess of Braunschweig-Lüneburg Sophie,Duchess of Braunschweig-Lüneburg,Sophie,"Sophie, Duchess of Braunschweig-Lüneburg",32798209,,Princess,"Princess of the Palatinate,Duchess of Braunschweig-L","poetry,music","poetry,music",princess,titled_nobility,Protestant,female,italian:1,Yes,,"August the Younger, Duke of Brunswick-Lüneburg",,1613-8-20,"Güstrow, Germany",1676-7-12,a poet and composer?,46780,Duke of [unidentified] Bovino,Duke of [unidentified],Bovino,"Bovino, Duke of [unidentified]",,,Duke of Bovino,Duke of Bovino,,,duke,titled_nobility,Catholic,male,italian:1,,,,,,,,,47590,Duke of [unidentified] Sabioneta,Duke of [unidentified],Sabioneta,"Sabioneta, Duke of [unidentified]",,,,,,,,,,male,,,,,,,,,,unreadable46698,Duke of Braunschweig-Lüneburg August,Duke of Braunschweig-Lüneburg,August,"August, Duke of Braunschweig-Lüneburg",,,Duke of Braunschweig-L?neburg,Duke of Braunschweig-L,,,duke,titled_nobility,Protestant,male,latin:3;german:16,,,,,,,,,46804,Duke of Braunschweig-Lüneburg Ferdinand Albrecht,Duke of Braunschweig-Lüneburg,Ferdinand Albrecht,"Ferdinand Albrecht, Duke of Braunschweig-Lüneburg",,,Duke of Braunschweig-L?neburg,Duke of Braunschweig-L,"travel,exploration",travel/exploration,duke,titled_nobility,Protestant,male,latin:3,Yes,"Wunderliche Begebnu_ssen und wunderlicher Zustand in dieser wunderlichen verkehrten Welt [M]eistentheils ausz eigener Erfahrung und dann gottseliger, 1678; Wunderliche Begebnu_ssen und wunderlicher Zustand in dieser wunderlichen verkehrten Welt: Faksimiledruck der Ausgaben von 1678 (Teil I) und 1680 (Teil II). ",,,,,,,46807,Duke of Braunschweig-Lüneburg Johann Friedrich,Duke of Braunschweig-Lüneburg,Johann Friedrich,"Johann Friedrich, Duke of Braunschweig-Lüneburg",,,Duke of Braunschweig-L?neburg,Duke of Braunschweig-L,,,duke,titled_nobility,Catholic convert,male,italian:14;german:4,,,,"Herzberg am Harz, Germany",1625-04-25,Augsburg,1679-12-18,,46750,Duke of Mantua Carlo II di Gonzaga Nevers,Duke of Mantua,Carlo II di Gonzaga Nevers,"Carlo II di Gonzaga Nevers, Duke of Mantua",,,Duke of Mantua,Duke of Mantua,,,duke,titled_nobility,Catholic,male,italian:2,,,,,,,,,46835,Duke of Mecklenburg-Güstrow Gustav Adolf,Duke of Mecklenburg-Güstrow,Gustav Adolf,"Gustav Adolf, Duke of Mecklenburg-Güstrow",27428483,,Duke of Mecklenburg-G?strow,Duke of Mecklenburg-G,,,duke,titled_nobility,Protestant,male,latin:1,,,Magdalene Sibylle,"Güstrow, Germany",1633-02-26,"Güstrow, Germany",1695-10-6,,46817,Duke of Modena Alfonso IV,Duke of Modena,Alfonso IV,"Alfonso IV, Duke of Modena",,,Duke of Modena,Duke of Modena,,,duke,titled_nobility,Catholic,male,italian:1,,,,,,,,,46710,Duke of Savoy Carlo Emanuele II,Duke of Savoy,Carlo Emanuele II,"Carlo Emanuele II, Duke of Savoy",,,Duke of Savoy,Duke of Savoy,,,duke,titled_nobility,Catholic,male,italian:1,,,,,,,,,46705,Duke of Schleswig-Holstein Christian August,Duke of Schleswig-Holstein,Christian August,"Christian August, Duke of Schleswig-Holstein",,,Duke of Schleswig-Holstein,Duke of Schleswig-Holstein,,,duke,titled_nobility,Protestant,male,italian:8;latin:1,,,,,,,,,46818,Duke of Schleswig-Holstein Friedrich Johannes,Duke of Schleswig-Holstein,Friedrich Johannes,"Friedrich Johannes, Duke of Schleswig-Holstein",,,Duke of Schleswig-Holstein,Duke of Schleswig-Holstein,,,duke,titled_nobility,Protestant,male,latin:8,,,,,,,,,47063,Duke of Schleswig-Holstein Georg Christian,Duke of Schleswig-Holstein,Georg Christian,"Georg Christian, Duke of Schleswig-Holstein",,,,Duke of Schleswig-Holstein,,,duke,titled_nobility,Protestant,male,latin:1,,,,,,,,,46821,Duke of Schleswig-Holstein Johann Adolph,Duke of Schleswig-Holstein,Johann Adolph,"Johann Adolph, Duke of Schleswig-Holstein",,,,Duke of Schleswig-Holstein,,,duke,titled_nobility,Protestant,male,italian:5,,,,,,,,,47380,Eberhard Sigler,Eberhard,Sigler,"Sigler, Eberhard",,,Fuldensis,,,,,,,male,latin:1,,,,,,,,there is a group of authors,46715,Elector of Bavaria Ferdinand Maria,Elector of Bavaria,Ferdinand Maria,"Ferdinand Maria, Elector of Bavaria",,,Elector of Bavaria,"Elector of Bavaria,Duke of Bavaria",,,"elector,duke",titled_nobility,Catholic,male,latin:4,Yes,"Apollo Triumphans. Oder der sieg-ruffende Apollo, welcher ... Ferdinandum Mariam in ... Bayern ... Hertzogen ... vnd ... Henriet: Adelheid: in ... Bayern ... Hertzogin ... in einem pra_chtigen Einzug ... in ... Regenspurg ... ein und mitbracht, etc. [In verse.]. Regenspurg: Bey C. Fischern, 1664.",,,,,,,46735,Elector of Cologne Maximilian Heinrich,Elector of Cologne,Maximilian Heinrich,"Maximilian Heinrich, Elector of Cologne",,,Elector of Cologne,"Elector of Cologne,Duke of Bavaria",,,"elector,duke",titled_nobility,Catholic,male,latin:2,,,,,,,,,46719,Elector of Saxony Franz Ertmann,Elector of Saxony,,,,,Franz Erdmann,genelral,,,duke,titled_nobility,Protestant,male,latin:5;italian:1,,,,,,,,,I believe he is Franz Erdmann von Sachsen-Lauenburg: http://de.wikipedia.org/wiki/Franz_Erdmann_%28Sachsen-Lauenburg%2946724,Elector of the Palatinate Karl I Ludwig,Elector of the Palatinate,Karl I Ludwig,"Karl I Ludwig, Elector of the Palatinate",,,Elector of the Palatinate,Elector of the Palatinate,,,elector,titled_nobility,Protestant,male,latin:4,,,,,,,,Son of Frederick V,47518,Electus praelatus Saganesis Xyste,Electus praelatus Saganesis,Xyste,"Xyste, Electus praelatus Saganesis",,,,,,,,,,male,latin:1,,,,,,,,,47184,Elia Giorgio Loreti,Elia Giorgio,Loreti,"Loreti, Elia Giorgio",,,Georg Elias Loretus,,,,physician,professional,,male,latin:1,,,,,,,,,47457,Elisé van Weyerstraet,Elisé van,Weyerstraet,"Weyerstraet, Elisé van",,,,publisher,,,publisher,professional,Protestant,male,french:2;dutch:1,,,,,,,,,47134,Emerich Jacusith,Emerich,Jacusith,"Jacusith, Emerich",,,Imrich Jaku_i_,,,,,titled_nobility,Catholic,male,latin:2,,,,,,,,,47264,Emericus Noharius,Emericus,Noharius,"Noharius, Emericus",,,Imre Koháry,Jesuit (S.J.),,,jesuit,clergy,Catholic,male,latin:1,,,,,,,,,47133,Ercole Maria Isnardi,Ercole Maria,Isnardi,"Isnardi, Ercole Maria",,,,Jesuit (S.J.),,,jesuit,clergy,Catholic,male,italian:2,,,,,,,,,47216,Ercole Mattioli,Ercole,Mattioli,"Mattioli, Ercole",,,,Jesuit (S.J.),,,"orator,jesuit",clergy,Catholic,male,italian:1,Yes,"Delle lodi del serenissimo Francesco primo d'este dvca di Modena orazione, Modena 1659. Il cielo maestro di sana politica, e sacra moralita, Parma 1704.",,,,,,,47633,Erminoi Pantogiotes (?),Erminoi,Pantogiotes (?),"Pantogiotes (?), Erminoi",,,,,,,,,,male,greek:1,,,,,,,,,letter in greek46711,Ernst Adalbert von Harrach,Ernst Adalbert von,Harrach,"Harrach, Ernst Adalbert von",32428653,,"Cardinal, Archbishop of Prague, Prince-Bishop of Trent, Primate of the Kingdom of Bohemia",Cardinal,,,"cardinal,councillor,diplomat","clergy,church_official,secular_official",Catholic,male,latin:1,Yes,"Symbuleuticon, seu, Consultatio virtutum: illustrissimo principi Scipioni Card. Burghesio meritos honores decerne[n]tium ad musicos concentus : cum de philosophia disputaret in Collegio Rom. Societatis Iesu Ernestus Adalbertus ab Harrach, 1620",,,1598,,1667,Was a diplomat in Rome,46917,Ernst Bidermann,Ernst,Bidermann,"Bidermann, Ernst",,,,Jesuit (S.J.),,,jesuit,clergy,Catholic,male,latin:2,Yes,"Ehren-Crone unsterblicher Helden-Tugenten: mit welchen deß weyland durchleuchtigsten Fu_rstens ... Sigismund Francisc, Ertzhertzogens zu Oesterreich &c. &c. Preysz-wu_rdiger LebensWandel herrlich gezieret ware. Ynßprugg: Paur, 1665.",,,,,,,47345,Eucher Sartorius,Eucher,Sartorius,"Sartorius, Eucher",,,,"Procurator for the German Assistance,Jesuit (S.J.)",,,"procurator,jesuit","clergy,church_official",Catholic,male,italian:1,Yes,"Sancti fundatores religiosorum ordinum calamo lapidario descripti, Fryburgii 1662.",,,,,,,47423,Eusebius Truchses,Eusebius,Truchses,"Truchses, Eusebius",,,,Jesuit (S.J.),,,jesuit,clergy,Catholic,male,italian:2,Yes,"Quodlibeta philosophica quae ex praelectionibus R. P. Eusebij Truchses Societatis Iesu in alma_ Vniversitate Ingolstadiensi philosophiae professoris collegit, & ad disputandum publice_ proposuit, praenob. D. Franc. Rudolphus Gonsalvus ab Halden in Haldenegg Metaph. et instit, civil, studiosus.",,,,,,,47217,Evangelista Matutino,Evangelista,Matutino,"Matutino, Evangelista",,,,Jesuit (S.J.),,,jesuit,clergy,Catholic,male,italian:1,,,,,,,,,47416,Evangelista Torricelli,Evangelista,Torricelli,"Torricelli, Evangelista",24633476,,,"mathematician of the Grand Duke of Tuscany,mathematician,len","mathematics,astronomy",natural philosophy,"mathematician,lens-maker",professional,Catholic,male,latin:1;italian:1,Yes,"De centro gravitatis solidorum, Bononiae 1661.Traicte_ du mouvement des eaux ... tir _du traicte_ du mesme autheur du mouvement des corps pesans qui descendent naturellement,Castres 1664.",,"Faenza, Italy",1608-10-15,"Firenze, Italy",1647-10-25,,46695,Fabio Albergati,Fabio,Albergati,"Albergati, Fabio",,,,Jesuit (S.J.),,,jesuit,clergy,Catholic,male,italian:1,Yes,La republica regia (1627); Discorsi politici del signor Fabio Albergati: ne i quali viena riprouata la dottrina politica di Gio. Bodino e difesa quella d'Aristotile (1664),,,,,,,47177,Felipe Liberto,Felipe,Liberto,"Liberto, Felipe",,,Filippo Libertozzi,Jesuit (S.J.),,,jesuit,clergy,Catholic,male,spanish:1,,,,,,,,,47488,Ferdinand Bocholz,Ferdinand,Bocholz,"Bocholz, Ferdinand",,,Ferdinand de Bocholtz,Archdeacon of Brabant,,,archdeacon,clergy,Catholic,male,latin:2,,,,,,,,,47027,Ferdinand Elwanger,Ferdinand,Elwanger,"Elwanger, Ferdinand",,,,Jesuit (S.J.),,,jesuit,clergy,Catholic,male,latin:3,,,,,,,,,47086,Ferdinand Gugler,Ferdinand,Gugler,"Gugler, Ferdinand",,,,Jesuit (S.J.),,,jesuit,clergy,Catholic,male,latin:1,,,,,,,,"Is this Ferdinand S Gugler von Zeilhoven? If so, he is a published author/editor",47298,Ferdinando del Plano,Ferdinando del,Plano,"Plano, Ferdinando del",,,,Jesuit (S.J.),,,"jesuit,rector",clergy,Catholic,male,latin:1,Yes,,,,,,,"jesuit, rector of jesuit college in Brussels",47221,Ferdinando de Mendoça,Ferdinando de,Mendoça,"Mendoça, Ferdinando de",,,,Jesuit (S.J.),,,jesuit,clergy,Catholic,male,latin:1,Yes,"Domini Ferdinandi a Mendoça Disputationum iuris ciuilis in difficiliores leges, 1586.",,,,,,,46716,Ferdinando Giovanni di Gonzaga,Ferdinando Giovanni di,Gonzaga,"Gonzaga, Ferdinando Giovanni di",,,Prince of Castiglione,Prince of Castiglione,,,prince,titled_nobility,Catholic,male,italian:22,,,,,,,,,47547,Ferdinand Slavata,Ferdinand,Slavata,"Slavata, Ferdinand",85717922,,,count,,,count,titled_nobility,Catholic,male,latin:1,,,,,1630,,1673,,47432,Ferdinand Verbiest,Ferdinand,Verbiest,"Verbiest, Ferdinand",,,,Jesuit (S.J.),"travel/exploration,natural philosophy","travel/exploration,natural philosophy",jesuit,clergy,Catholic,male,french:2;dutch:1,Yes,"Ta-Ch'ing K'ang-hsi 25 nien-sui tz'u ping-yin Ch'i-cheng ching-wei hsiu-tu wu-hsing fu chien mu-lu, Peking 1665. Liber organicus Astronomia Europaea apud Sinas restitutae sub Imperat. Sino-Tartarico Ca_m Hy appellato, Peking 1668.",,,,,,,46738,Ferenc von Nádasdy,Ferenc von,Nádasdy,"Nádasdy, Ferenc von",,,Count of  Pottendorf,Count of  Pottendorf,,,count,titled_nobility,Protestant,male,latin:5,Yes,"Mausoleum Potentissimorum ac Gloriosissimorum Regni Apostolici Regum et Primorum Militantis Ungariae Ducum' (Mausoleum of the Most Powerful Kings and Dukes of Hungary), 1664.",,,,,,,46891,Filippo Baldinucci,Filippo,Baldinucci,"Baldinucci, Filippo",,,,"public official (governor, etc.), artist, scholar",art history,history/classical scholarship,curator,professional,Catholic,male,italian:1,Yes,"Notizie del professori del disegno da Cimabue in qua, per le quali si dimostra come, e per chi le belle arti di pittura, scultura e architettura, lasciata la rozzizza delle maniere greca e gotica, si siano in questi secoli ridotte all'antica loro perfezione. Firenze: per V.V. Batelli e Compagni, 1845.",,,,,,old occupation seems strange--Baldinucci is known as an art historian and I can't find info on him as a governor,47523,Filippo Grimaldi,Filippo,Grimaldi,"Grimaldi, Filippo",168663873,,Claudio Filippo,Jesuit (S.J.),travel/exploration,travel/exploration,jesuit,clergy,Catholic,male,italian:1,,,,"Coni, Italy",1638-9-27,"Beijing, China",1712-11-9,missionary,46739,Filippo Nardi,Filippo,Nardi,"Nardi, Filippo",,,son of Giovanni Nardi,,,,,,,male,italian:1,Yes," Noctes geniales, 1656.",,,,,,what kind of book is this? Is he the editor?,47350,Filippo Sbarra,Filippo,Sbarra,"Sbarra, Filippo",,,Filippo Renato Sbarra,,music,music,librettist,professional,,male,italian:1,Yes,"Il Serafino Della Terra S. Filippo Neri : Oratorio Cantato Nella Capella Della Sacra Cesarea Real Maesta_ Dell'Imperatrice Eleonora, Vienna 1679.",,,,,,,47562,Francecho Grego,Francecho,Grego,"Grego, Francecho",,,Dean,Franciscan (O.F.M.),,,"dean,franciscan",clergy,Catholic,male,italian:2,,,,,,,,what kind of a dean?,"Both letters are collective letters with Sassari,Correa and Monte Vecchio"46857,Francesco Abegra,Francesco,Abegra,"Abegra, Francesco",,,,Jesuit (S.J.),,,jesuit,clergy,Catholic,male,latin:1,,,,,,,,,46861,Francesco Agricoletti,Francesco,Agricoletti,"Agricoletti, Francesco",,,,secretary of Diego d´Avalos,history ,history/classical scholarship, secretary,professional,Catholic,male,latin:4;italian:1,Yes,"Il Rodrigo. Istoria Iberica. 1648; Il sogno paraninfo : istoria scitica. Roma: per Girolamo Barberi, 1647. ",,"Venafro, Italy",,,1673,,47617,Francesco Alberto,Francesco,Alberto,"Alberto, Francesco",,,,Jesuit (S.J.),,,jesuit,clergy,Catholic,male,italian:1,,?,,,,,,,52877,Francesco Angelo Rapaccioli,Francesco Angelo,Rapaccioli,"Rapaccioli, Francesco Angelo",89414464,Bishop of Terni,,cardinal,,,cardinal,"clergy,church_official",Catholic,male,,Yes,"Bando et ordini da osseruarsi da' fornari, e misuratori di Roma per l'essattione del grosso da pagarsi per meta_ da ciascuno di loro per ogni rubbio di grano, che ad essi fornari si misurara_ in Roma inconformita_ [sic] dell'impositione publicata dall'Inclito Popolo Romano, e da esso ceduta all'Annona di Roma, 1642. Quarta estrattione del Monte Carbognano, Rome 1643. Bando sopra il mantenere, e conseruare le passonate di Fiumicino, Rome 1643.Francesco Rapaccioli Protonotario Apostolico dell'vna, e l'altra Signatura Referendario, della Santita_ di N.S. ... Generale Tesoriere, Rome 1643. Precetto, Rome 1644. Bando contro quelli, che portano, o_ riceuono sale forastiero nelle citta_, terre, e luoghi mediate, & immediate soggetti alla S. Sede Apostolica, & per le fraudi del sale della salara di Roma, Rome 1645. Editto che tutti quelli che pigliano l'acqua dall'infrascritti condotti dell'Acqua Vergine, debbano fra quindici giorni dar nota negl'atti dell'infrascritto notaro della quantita_ che ne hanno, e del luogo preciso doue la pigliano, Rome 1645.",,"Collescipoli, Italy",1608-0-0,"Rome, Italy",1657-5-15,,46819,Francesco Barberini,Francesco,Barberini,"Barberini, Francesco",,,Cardinal,"collector,Cardinal",collecting,other,cardinal,"clergy,church_official",Catholic,male,latin:1,,,,,,,,,46947,Francesco Buonarotti,Francesco,Buonarotti,"Buonarotti, Francesco",,,,Jesuit (S.J.),,,jesuit,clergy,Catholic,male,italian:1,,,,,,,,,46958,Francesco Carli,Francesco,Carli,"Carli, Francesco",,,,Jesuit (S.J.),,,jesuit,clergy,Catholic,male,italian:7;latin:2,,,,,,,,could this be Paolo Francesco Carli?,47070,Francesco Gizzio,Francesco,Gizzio,"Gizzio, Francesco",,,,Oratorian (Cong. Orat.),,,oratorian,clergy,Catholic,male,italian:8,Yes,"L'Echo armoniosa delle sfere celeste, cioe la Correspondenza de'Santi con le Virtu_, alla Gratia Divina : Divisa in dve parti. Napoli: Per il De Bonis, 1693; L'Amor trionfante, rappresentatione sacra della vita e morte della B. Maria Maddalena de Pazzi, Carmelitana. Nap[oli]: per Novello de Bonis, 1668. ",,,,,,,47487,Francesco Luigi Gualdo,Francesco Luigi,Gualdo,"Gualdo, Francesco Luigi",,,"a nobleman of Rimini, learned aristocrat, and an amateur of art and history, privy chamberlain",Eques Arimeneus,,,Eques Arimeneus,titled_nobility,Catholic,male,italian:1,,,,,1576,,1657,what is this occupation?,46732,Francesco Manuele Melos,Francesco Manuele,Melos,"Melos, Francesco Manuele",,,Dom Francisco Manuel de Mello,"soldier, diplomat, courtier, poet, moralist, historian, literary critic","poetry,history,morality","poetry,history/classical scholarship,religious/morality","soldier,diplomat",secular_official,Catholic,male,italian:1,Yes,"Epanaphoras de varia historia portvgveza. Lisboa: A. Craesbeeck de Mello, 1676; Apologos dialogaes; Tratado da sciencia cabala, ou noticia da arte cabalistica. Lisboa: Occidental, 1724; Mello, Francisco Manuel de, Mateus Pinheiro, and Manuel Vieira. Doze sonetos por varias acciones.: En la muerte de lka Sn_ora Dona Ines de Castro. Em Lisboa: por Mattheus Pinheiro, 1628. ",,,1608,,1666,,46701,Francesco Maria Brancacci,Francesco Maria,Brancacci,"Brancacci, Francesco Maria",51853031,,Cardinal,Cardinal,"church history,apology,hagiography",religious/morality,cardinal,"church_official,clergy",Catholic,male,italian:8;latin:2,Yes,"Nuova cronologia dei papi, 1895; Francisci Mariæ Episcopi Portuensis, Cardinalis Brancatii dissertationes, 1672; De Sinensium ritibus politicis acta: seu R. P. Francisci Brancati, Societatis Jesu, apud Sinas per annos 34 missionarii, responsio apologetica ad R. P. Dominicum Navarrette ordinis praedicatorum, 1700;  Relatio facta in Consistorio secreto coram Gregorio Papa XV.: Super Vita, Sanctitatae, actis Canonizationis, [et] miraculis beati Ignatii Fundatoris Societatis Jesu, 1622",,"Canneto, Italy",1592,Rome,1675,,47410,Francesco Maria Tassara,Francesco Maria,Tassara,"Tassara, Francesco Maria",,,,Jesuit (S.J.),,,jesuit,clergy,Catholic,male,italian:13,,,,,,,,,47204,Francesco Martini,Francesco,Martini,"Martini, Francesco",,,Franciscus Martinus,Jesuit (S.J.),,,jesuit,clergy,Catholic,male,italian:1;latin:1,,,,,,,,,47255,Francesco Negri,Francesco,Negri,"Negri, Francesco",,,,"Franciscan, explorer  ","exploration,polemic","travel/exploration,other",franciscan,clergy,Catholic,male,italian:2,Yes,"Epistola di Maestro Israel Hebreo, : doue apertamente si dimonstrano gli errori de'Giudei, 1629.",,,,,,,47262,Francesco Nigido,Francesco,Nigido,"Nigido, Francesco",,,,student of theology interested in music,,music,student,,Catholic,male,italian:2,,,,,,,,,http://books.google.cz/books?id=s5wJAQAAMAAJ&q=%22Francesco+Nigido%22&dq=%22Francesco+Nigido%22&hl=cs&sa=X&ei=P1U2T6yCK8rDhAfT8cX8AQ&ved=0CDMQ6AEwAA46762,Francesco Pianezza,Francesco,Pianezza,"Pianezza, Francesco",,,Marchese di Pianezza,"Marquis,Marchese di Pianezza",,,marquis,titled_nobility,Catholic,male,italian:1,,,,,,,,,47295,Francesco Piccolomini,Francesco,Piccolomini,"Piccolomini, Francesco",28016424,,,"Jesuit (S.J.), Superior General of the Society of Jesus",,,"jesuit,jesuit general",clergy,Catholic,male,italian:1,Yes,"Vniversa philosophia de , Venetii 1594.",,"Siena, Italy",1582-10-12,"Rome, Italy",1651-6-17,,Not sure if the author is identical with our person46751,Francesco Pizzoni,Francesco,Pizzoni,"Pizzoni, Francesco",,,,Jesuit (S.J.),,,jesuit,clergy,Catholic,male,latin:1,,,,,,,,,47309,Francesco Redi,Francesco,Redi,"Redi, Francesco",84814826,,,"physician, naturalist, poet","natural history,poetry,medicine","natural philosophy,poetry",physician,professional,Catholic,male,italian:4,Yes,"Osservazioni intorno alle vipere, Firenze 1664. Esperienze intorno alla generazione degl' insetti fatte, Firenze 1668.",,"Arezzo, Italy",1626-2-18,"Pisa, Italy",1697-3-1,,47419,Francesco Travagin,Francesco,Travagin,"Travagin, Francesco",,,Travagino,Member of the Royal Society,,,"academy member, physician, astronomer, philosopher",professional,Catholic,male,latin:5;italian:2,,,,,,,,,46741,Francisco (alias François Giliot) Ximénez,Francisco (alias François Giliot),Ximénez,"Ximénez, Francisco (alias François Giliot)",,,,,,"travel/exploration,languages,history/classical scholarship",dominican ,clergy,Catholic,male,latin:8,Yes,"Historia natural del Reino de Guatemala; Historia de la provincia de San Vicente de Chiapa y Guatemala de la Orden de predicadores; Popol-vuh de Diego Reinoso, Popol-Vinac, hijo de Lahuh-Noh; Cuatro libros de la naturaleza y virtudes medicinales de las plantas y animales de la Nueva Espan_a (was he the translator?)",,,,,,was he a missionary?,47211,Francisco de Mascarenhas,Francisco de,Mascarenhas,"Mascarenhas, Francisco de",,,,Jesuit (S.J.),,,jesuit,clergy,Catholic,male,latin:1,,,,,,,,is he a colonial governor in Mozambique?,47228,François Aimé-de-Dieu Milliet,François Aimé-de-Dieu,Milliet,"Milliet, François Aimé-de-Dieu",,,Archbishop of Tarantasia (Moutiers),Archbishop of Tarantasia (Moutiers),,,archbishop,"clergy,church_official",Catholic,male,italian:4;latin:1,,,,,,,,,46876,François Annat,François,Annat,"Annat, François",,,,"Jesuit (S.J.),confessor to Louis XIV","theology,apology","religious/morality,other","confessor,jesuit",clergy,Catholic,male,italian:1,Yes,"Responses Aux Lettres Provinciales Publie_es Par le Secretaire du Port-Royal, Contre Les PP. de la Compagnie de Jesvs: Sur le sujet de la Morale des dits Peres. Liege: Hovius, 1657; La conduite de l'e_glise et du roi justifie_e dans la condamnation de l'he_re_sie des Janse_nistes. 1664; Le libelle intitule_ Theologie morale des Jesuites. Contredit et convaincu en tous ses chefs. Par un Pere theologien de la Compagnie de Jesus. Seconde edition augmente_e en plusieurs endroits, avec l'arrest du Parlement de Bourdeaux & la Replique aux lettres de Polemarque & de son theologien. 1645; Cavilli Jansenianorum contra latam in ipsos a sede apostolica sententiam: seu confutatio libelli trium columnarum et aliarum coniecturarum, queis Janseniani obtinere conantur ut non videantur esse damnati. Paris: Cramoisy, 1654; De incoacta libertate: disputatio quadripartita. 1652; etc.",,,,,,,46977,François Charpentier,François,Charpentier,"Charpentier, François",29562037,,,archaeologist and man of letters,"archeology,classical scholarship",history/classical scholarship,,professional,,male,,Yes,"Vie de Socrate, 1650; Cyropaedia of Xenophon, 1658 (trans); Traité de la peinture parlante, 1684.",,French,1620-2-15,,1702-0-0,I would say Catholic,47158,François de La Chaise,François de,La Chaise,"La Chaise, François de",,,,Jesuit (S.J.),,religious/morality,jesuit,clergy,Catholic,male,latin:6,Yes,"Re_ponse du R. P. La Chaise, confesseur du Roi Tres-chretien, a_ la lettre du R. P. Peters, jesuite, et premier aumo_nier du Roi d_Angleterre, sur la conduite qu_il doit, tenir aupre_s de S. M. pour la conversion de ses subjets protestants, 1688.",,,,,,,47335,François de Saint-Rigaud,François de,Saint-Rigaud,"Saint-Rigaud, François de",,,,Jesuit (S.J.),,,jesuit,clergy,Catholic,male,latin:1,,,,,,,,,47492,François Felix,François,Felix,"Felix, François",,surgeon of king Louis XIV.,Charles-Francois Tassy,physician,medicine,natural philosophy,physician,professional,,male,latin:1,,,,,1635,,1703,would he be Catholic as surgeon to Louis XIV?,47253,François Joseph de Nay,François Joseph de,Nay,"Nay, François Joseph de",,,du Plateau,,,,"apostolic protonotary,prior ","clergy,church_official,titled _nobility",Catholic,male,italian:1,,,,,,,,prior of Chatenoy,47193,François Malaval,François,Malaval,"Malaval, François",49306260,,,Jesuit (S.J.),poetry,poetry,jesuit,clergy,Catholic,male,latin:1,Yes,"La practique de la vraye theologie mystique, Liege 1709.",,,1627,,1719,,47318,François Richard,François,Richard,"Richard, François",,,,Jesuit (S.J.),,,jesuit,clergy,Catholic,male,latin:1,Yes,"Relation de ce qui s'est passe_ de plus remarquable a_ Saint-Erini, Paris 1657.",,,,,,,46865,Franz Albrecht,Franz,Albrecht,"Albrecht, Franz",,,,Jesuit (S.J.),,,jesuit,clergy,Catholic,male,"italian,greek,german:1",,,,,,,,,47100,Franz Ernst von Hartenberg,Franz Ernst von,Hartenberg,"Hartenberg, Franz Ernst von",,,,,,,count,titled_nobility,Catholic,male,latin:1,,,,,,,,,47364,Franz Ernst von Schlick,Franz Ernst von,Schlick,"Schlick, Franz Ernst von",,,,Count,,,count,titled_nobility,Catholic,male,latin:1,,,,,,,,,47107,Franz Hendl,Franz,Hendl,"Hendl, Franz",,,,Jesuit (S.J.),,,jesuit,clergy,Catholic,male,latin:1,,,,,,,,,47405,Franz Storer,Franz,Storer,"Storer, Franz",,,,Jesuit (S.J.),travel/exploration,travel/exploration,jesuit,clergy,Catholic,male,latin:3,,,,,,,,missionary,47452,Franz Weinhardt,Franz,Weinhardt,"Weinhardt, Franz",,,Bishop,Bishop in Lidda,,,bishop,"clergy,church_official",Catholic,male,latin:1,,,,,,,,,47461,Franz Wiesenbach,Franz,Wiesenbach,"Wiesenbach, Franz",,,,Jesuit (S.J.),,,jesuit,clergy,Catholic,male,latin:2,,,,,,,,,46873,Friedrich Ampringer,Friedrich,Ampringer,"Ampringer, Friedrich",,,,Jesuit (S.J.),,,jesuit,clergy,Catholic,male,latin:1,,,,,,,,,47165,Friedrich Christian Langetl,Friedrich Christian,Langetl,"Langetl, Friedrich Christian",,,,,,,,,Catholic,male,latin:1,,,,,,,,,http://books.google.cz/books?id=ACoPAQAAMAAJ&q=Fridericus++langetl&dq=Fridericus++langetl&hl=en&sa=X&ei=qPs0T6TJLarl4QTm_dzlAQ&redir_esc=y47056,Friedrich Geiger,Friedrich,Geiger,"Geiger, Friedrich",,,,Jesuit (S.J.),,,jesuit,clergy,Catholic,male,latin:1,,,,,,,,,52874,Friedrich III. Duke of Schleswig-Holstein-Gottorf,Friedrich III.,Duke of Schleswig-Holstein-Gottorf,"Duke of Schleswig-Holstein-Gottorf, Friedrich III.",,,,Duke of Schleswig-Holstein-Gottorf,,,duke,titled_nobility,Protestant,male,latin:8,Yes,"Copia. Ordnungs unser von Gottes Gnaden Friederichs Erben zu Norwegen, Hertzogen zu Schleswig, Holstein, Stormarn und der Dithmarschen, Graffen zu Oldenburg und Delmenthorst, etc., 1623.",Duchess Elisabeth of Saxony,"Gottorf, Germany",1597-12-22,"Tönning, Germany",1569-8-10,,47162,Friedrich von Landsberg,Friedrich von,Landsberg,"Landsberg, Friedrich von",,,,,,,,,,male,latin:2,,,,,,,,,47113,Gabriel Hesson,Gabriel,Hesson,"Hesson, Gabriel",,,,Jesuit (S.J.),,,jesuit,clergy,Catholic,male,syriac:1,,,,,,,,,47330,Galeazzo Sabbatini,Galeazzo,Sabbatini,"Sabbatini, Galeazzo",27259075,,,"composer, music theorist",music,music,"composer,music theorist",,Catholic,male,italian:1,Yes,"Il secondo libro de madrigali, Venezia 1626. Sacræ Laudes Musicis Concentibus, Venezia 1626.",,"Pesaro, Italy",1597,,1662,,47223,Gaspard de Mère,Gaspard de,Mère,"Mère, Gaspard de",,,,,,,,,,male,latin:5,,,,,,,,,47333,Gaspard de Varadier de Saint-Andiol,Gaspard de Varadier de,Saint-Andiol,"Saint-Andiol, Gaspard de Varadier de",,,,"poet, archdeacon in Arles",poetry ,poetry,archdeacon,clergy,Catholic,male,latin:4,Yes,"Juvenilia, seu de diversis diversa carmina jam in lucem edita, nunc vero aucta et ab ipso authore accuratius emendata ; in tres carminum, traductionum et odarum partes divisa, Arelate 1679. De Imitatione Christi libri quatuor elegiaco versu juxta positio fidelissime redditi, Antverpiae 1684.",,,,,,,47029,Gaspard Emmanuel,Gaspard,Emmanuel,"Emmanuel, Gaspard",,,,Jesuit (S.J.),,,jesuit,clergy,Catholic,male,latin:1,,,,,,,,,46700,Gaspar de Peñaranda (Guzmán) de Bracamonte,Gaspar de,Peñaranda (Guzmán) de Bracamonte,"Peñaranda (Guzmán) de Bracamonte, Gaspar de",,Viceroy of Naples,Count of Pe?aranda,Count of Pe,,,"count,viceroy,diplomat","titled_nobility,secular_official",Catholic,male,spanish:1,,,,,1595,,1676,Represented Spain at Peace of Westphalia negotiations,47374,Gaspar de Servoulles,Gaspar de,Servoulles,"Servoulles, Gaspar de",,,,Jesuit (S.J.),,,jesuit,clergy,Catholic,male,french:1,,,,,,,,,47436,Gaspard Veyron,Gaspard,Veyron,"Veyron, Gaspard",,,,,,,,,,male,latin:1,,,,,,,1731,,47522,Gennaro di Bisogni,Gennaro di,Bisogni,"Bisogni, Gennaro di",,,,,,,,,,male,italian:1,,,,,,,,,46897,Georg Barschius,Georg,Barschius,"Barschius, Georg",,,,alchemist,alchemy,other,alchemist,professional,Catholic,male,latin:1,,,,,,,,,46998,Georg Crisanius,Georg,Crisanius,"Crisanius, Georg",,,Juraj Krizanic,Theologian,"languages,theology,politics,music,economics","languages,religious/morality,music,other ",missionary,clergy,Catholic,male,latin:1,Yes,Politika,,"Bihac, Bosnia Herzegovina",1618,"Zagreb, Croatia",1683,"I am assuming he belongs in clergy community, though do not know what he was. Pan-slavist.",47609,Georg Dierdorff,Georg,Dierdorff,"Dierdorff, Georg",,,,Jesuit (S.J.),,,jesuit,clergy,Catholic,male,latin:4,,,,,,,,,47484,Georges Fournier,Georges,Fournier,"Fournier, Georges",,,,Jesuit (S.J.),"travel/exploration,geography",travel/exploration,jesuit,clergy,Catholic,male,latin:2,Yes,"Traite_ des fortifications militaires par le P. Georges Fournier, Paris 1648 . Hydrographie, contenant la the_orie et la practique de toutes les parties de la navigation, Paris 1643.Geographica orbis notitia per litoria maris et ripas fluviorum, Paris 1649. Asiae Nova Descriptio, in qua praeter provinciarum situs, et populorum mores, mira deteguntur, et hactenus inedita, Paris 1656.",,,,,,,47072,Georges Gobat,Georges,Gobat,"Gobat, Georges",,,,Jesuit (S.J.),theology,religious/morality,jesuit,clergy,Catholic,male,latin:1,Yes,"Theologia Ivridico-Moralis Sev Accvsatio Canonica Ebriosi: Ad divortium compellendi propter ebriositatem, indeque secuta varia mala. Opus contextum variis & curiosis quaestionibus, decisis ex fundamentis Theologiae Moralis, atque Iurisprudentiae. Cum duplice indice. Constantiae: Hautt, 1661; Alphabetvm Sacri Avdiendi Et Breviarii Recitandi: Quo XXIII. Praecipvis Casibvs Factis Non Fictis Declaratur vniuersa Materia Sacri audiendi, Breuiariique recitandi. Constantiae: Hautt, 1664; Clavis alphabetico-sacramentalis: id est tractatus moralis de sacramentis in genere. Constantiæ: Joannis Jacobi Straub, 1667; Vindiciae Theologicae: Qvibvs Aduersus nonnullos Ivreconsvltos Defendvntvr Et In sua possessione conseruantur Theologi Scribentes de materijs alterutro Iure comprehensis. Friburgi Helvetiorum: Irrbisch, 1654. ",,,,,,,47049,Georg Gailer,Georg,Gailer,"Gailer, Georg",,,,Jesuit (S.J.),,,jesuit,clergy,Catholic,male,latin:1,,,,,,,,,47094,Georg Haller,Georg,Haller,"Haller, Georg",,,,,,,,,,male,latin:1,,,,,,,,,47119,Georg Hoffmann,Georg,Hoffmann,"Hoffmann, Georg",,,,,,,,,,male,latin:1,,,,,,,,,52875,Georg Lippay,Georg,Lippay,"Lippay, Georg",,Archbishop of Veszprém in Hungary,,Bishop of Veszprém in Hungary,,,"bishop,archbishop","clergy,church_official",Catholic,male,,,,,,,,,see this article: http://www.history.ox.ac.uk/cofk/events/budapest-2010/kiss,47247,Georg Müntzer,Georg,Müntzer,"Müntzer, Georg",,,,Choir leader in St. Stephan Dom in Vienna,,music,choir leader,professional,Catholic,male,latin:2,Yes,"Octavarium mariale, d. i. acht Predigen auf die Octav der Himmelfahrt Mariae etc., 1669.",,,,,,,47099,Georg Philipp Harsdörffer,Georg Philipp,Harsdörffer,"Harsdörffer, Georg Philipp",90634351,,,senator,,,senator,secular_official,Protestant,male,latin:11,Yes,"Poetischer Trichter, 1648-53; Das Schauspiel teutscher Sprichwo_rter, 1664; Der Grosse Schau-Platz Lust- und Lehrreicher Geschichte. 1651; Heraclitus und Democritus. 1652. ",,"Nuremberg, Germany",1607-11-1,"Nuremberg, Germany",1658-9-17,"poet, translator",47356,Georg Schaidenperger,Georg,Schaidenperger,"Schaidenperger, Georg",,,,Jesuit (S.J.),medicine,natural philosophy,"physician,jesuit","clergy,professional",Catholic,male,latin:3,,,,,,,,,47393,Georg Spaiser,Georg,Spaiser,"Spaiser, Georg",,,,Jesuit (S.J.),,,jesuit,clergy,Catholic,male,latin:1,Yes,"Plausus symbolicus in S.R.I. pomo quod Maximiliano seren.mo com. Pal. Rheni, Boiorum Duci, S.R.I. Archidapifero, et Electori Meritissimo traditum gratulabatur Colleg. Ingolstad. Soc. Iesu A. M.DC.XXIII.",,,,,,,47431,Georg Vehr,Georg,Vehr,"Vehr, Georg",,,,,,,,,,male,italian:1,,,,,,,,,different name?47525,Georg Welz,Georg,Welz,"Welz, Georg",,,,merchant in Naples,,other,merchant,professional,Protestant,male,italian:7,,,,,,,,,47097,Gerhard Hansen,Gerhard,Hansen,"Hansen, Gerhard",,,,Jesuit (S.J.),,,jesuit,clergy,Catholic,male,latin:1,,,,,,,,,46850,Giacomo Bonvicino,Giacomo,Bonvicino,"Bonvicino, Giacomo",,,,Jesuit (S.J.),mathematics,natural philosophy,jesuit,clergy,Catholic  ,male,italian:4;latin:5,,,,,,,,,47212,Giacomo Maso,Giacomo,Maso,"Maso, Giacomo",,,,Jesuit (S.J.),mathematics,natural philosophy,jesuit,clergy,Catholic,male,italian:1,Yes,"Corso matematico, Parma 1661.Parte Qvarta Sferologica, Palermo 1661.",,,,,,,47577,Giacomo Scafili,Giacomo,Scafili,"Scafili, Giacomo",,,,Jesuit (S.J.),,,jesuit,clergy,Catholic,male,italian:11;latin:2,,,,,,,,,46890,Giambattista Balatri,Giambattista,Balatri,"Balatri, Giambattista",,,,architect,architecture ,other,architect,professional,Catholic,male,italian:1,,,,,,,,,46923,Giambattista Bindi,Giambattista,Bindi,"Bindi, Giambattista",,,,,medicine,natural philosophy,physician,professional,,male,latin:1,,,,,,,,Is he a physician?,47271,Giambattista Orsucci,Giambattista,Orsucci,"Orsucci, Giambattista",,,,historian,history,history/classical scholarship,,,Catholic,male,italian:1,,,,,1632,,1686,,46765,Giambattista Riccioli,Giambattista,Riccioli,"Riccioli, Giambattista",,,,Jesuit (S.J.),natural philosophy,natural philosophy,jesuit,clergy,Catholic,male,italian:7;latin:16,Yes,"Almagestum novum astronomiam veterem novamque complectens observationibus aliorum, et propriis novisque theorematibus, problematibus ac tabulis promotam ... Tomus 1, partes i, ii, 1651; Geographia et hydrographia, libr. XII, 1661; Chronologiae reformatae et ad certas conclusiones redactae, 1669.",,,,,,,46957,Gianantonio Caprini,Gianantonio,Caprini,"Caprini, Gianantonio",,,Rector of the Collegio Romano,Jesuit (S.J.),,,"rector,jesuit","clergy,church_official",Catholic,male,italian:1,,,,,,,,,46736,Giancarlo de' Medici,Giancarlo de',Medici,"Medici, Giancarlo de'",,,Cardinal,Cardinal,,,cardinal,"clergy,church_official",Catholic,male,italian:4,,,,,,,,,47409,Gilbert Talbot,Gilbert,Talbot,"Talbot, Gilbert",,,,Jesuit (S.J.),,,jesuit,clergy,Catholic,male,italian:1,,,,,,,,,47085,Gioseffo Gualdi,Gioseffo,Gualdi,"Gualdi, Gioseffo",,,,"diarist, theologian",,history/classical scholarship,,,Catholic,male,italian:2,,,,,1609,,1688,author of Diario del Gualdi - employed in Vatican,47378,Giovanni Andrea Severo,Giovanni Andrea,Severo,"Severo, Giovanni Andrea",,,,,,,,,,male,italian:1,,,,,,,,different name. I suggest Giovanni Andrea Casella,47395,Giovanni Andrea Spinola,Giovanni Andrea,Spinola,"Spinola, Giovanni Andrea",,,,Jesuit (S.J.),,,jesuit,clergy,Catholic,male,italian:1,Yes,"Chori inter philosophicas concertationes, Genoa 1645. Il cvore in volta, e'l cvore in scena; saggio di lettere, e poesie, e componimenti dramatici, Genoa 1695.",,,,,,,47507,Giovanni Antonio Coprini,Giovanni Antonio,Coprini,"Coprini, Giovanni Antonio",,,,Jesuit (S.J.),,,jesuit,clergy,Catholic,male,italian:1,,,,,,,,,47301,Giovanni Antonio Porcinari,Giovanni Antonio,Porcinari,"Porcinari, Giovanni Antonio",,,,,,,,,,male,italian:1,,,,,,,,,46888,Giovanni Aziccio,Giovanni,Aziccio,"Aziccio, Giovanni",,,Joannes Azzicio,,,,,,,male,latin:3,,,,,,,,,47015,Giovanni Battista Doni,Giovanni Battista,Doni,"Doni, Giovanni Battista",54194455,,,musicologist,music ,music,professor,professional,Catholic,male,latin:1;italian:1,Yes,"Lyra Barberina, 1763; De prestantia musicae veteris, libri tres., 1647",,"Florence, Italy",1593,"Florence, Italy",1647,,47053,Giovanni Battista Gatto,Giovanni Battista,Gatto,"Gatto, Giovanni Battista",,,different name?,,,,,,,male,latin:1,,,,,,,,,47116,Giovanni Battista Hodierna,Giovanni Battista,Hodierna,"Hodierna, Giovanni Battista",71540635,,,"astronomer, priest",astronomy ,natural philosophy,priest,clergy,Catholic,male,latin:1,Yes,"De admirandis phasibvs in sole et lvna visis ponderations opticæ, physicæ, et astronomicæ : in quæstiones incidentes. Panormi: Typis N. Bua, 1656; Archmede redivivo con la stadera del momento. Palermo: Per Decio Cirillo, 1644; etc.",,"Ragusa, Italy",1597-4-13,"Palma di Montechiaro, Italy",1660-8-6,,47300,Giovanni Battista Podestà,Giovanni Battista,Podestà,"Podestà, Giovanni Battista",,,,"interpreter, professor",,"history/classical scholarship,languages","interpreter,professor",professional,Catholic,male,latin:14;italian:1,Yes,"Annali ottomanici, Vienna 1672. Fax reminiscentiae ad accessum practicum in lectiones scripturarum arabicarum vocalibus destitutarum : praesupposita scientia grammaticali, Vienae 1689.",,,,,,isn't he also an orientalist? What kind of professor?,47320,Giovanni Battista Rinaldini,Giovanni Battista,Rinaldini,"Rinaldini, Giovanni Battista",,,,,,,,,,male,latin:1,,,,,,,,,47396,Giovanni Battista Spinola,Giovanni Battista,Spinola,"Spinola, Giovanni Battista",,,Cardinal,Cardinal,,,cardinal,"church_official,clergy",Catholic,male,italian:1,,,,,,,,,47628,Giovanni Battista Visconti,Giovanni Battista,Visconti,"Visconti, Giovanni Battista",,,,,,,,,,male,italian:1,,,,,,,,bishop of Novara,47470,Giovanni Battista Zupi,Giovanni Battista,Zupi,"Zupi, Giovanni Battista",,,,Jesuit (S.J.),"mathematics,natural history",natural philosophy,jesuit,clergy,Catholic,male,latin:1;italian:1,Yes,"Giornale dell'incendio dell'Vessuuio dell'ano M.DC.LX. con le osseruationi matematiche, roma 1660.",,,,,,,46906,Giovanni Berardo,Giovanni,Berardo,"Berardo, Giovanni",,,,Jesuit (S.J.),,,jesuit,clergy,Catholic,male,italian:1,,,,,,,,,47071,Giovanni Camillo Glorioso,Giovanni Camillo,Glorioso,"Glorioso, Giovanni Camillo",45359056,,,"Mathematician, Astronomer","mathematics,astronomy",natural philosophy,professor,professional,Catholic,male,latin:1,Yes,"De cometis dissertatio astronico-physica pvblice habita in Gymnasio Patavino anno Domini MDCXIX. Venetiis: Ex typographia Varisciana, 1624; Responsio Io. Camilli Gloriosi ad controuersias de cometis peripateticas, sue, potius ad calumnias, & mendacia cuiusdam peripatetici in qva ostenditur præfatum peripateticum, non solum calumniatorem & mendacem, verum etaim putidum esse nosti sæculi Sophistam, ac Aristotelicæ philosophiæ deprauatorem. Venetiis: Apud Variscos, 1626; Glorioso, Giovanni Camillo, and Lazarus Scorigij. Ioannis Camilli Gloriosi Exercitationum mathematicarum decas prima[-tertia] In qua continentur varia & theoremata & problemata. Neapoli: Ex Typographia Lazari Scorigij, 1627. ",,,1572,,1643,,http://fr.wikipedia.org/wiki/Giovanni_Camillo_Glorioso46841,Giovanni Casimiro,Giovanni,Casimiro,"Casimiro, Giovanni",,,,Jesuit (S.J.),,,jesuit,clergy,Catholic,male,italian:1,,,,,,,,,47191,Giovanni Crisostomo Magneni,Giovanni Crisostomo,Magneni,"Magneni, Giovanni Crisostomo",,,"Magnen, Magni",scholar,medicine,natural philosophy,physician,professional,Catholic,male,latin:1,,,,,,,,what kind of scholar?,46964,Giovanni Domenico Cassini,Giovanni Domenico,Cassini,"Cassini, Giovanni Domenico",36947382,Director of Paris Observatory,,astronomer,astronomy,natural philosophy,"professor,director",professional,Catholic,male,latin:2,Yes,,,,,,,,47338,Giovanni Domenico de Saluzzo,Giovanni Domenico de,Saluzzo,"Saluzzo, Giovanni Domenico de",,,,,,,,,,male,italian:2,,,,,,,,,47208,Giovanni Filippo Marucelli,Giovanni Filippo,Marucelli,"Marucelli, Giovanni Filippo",,,,,,,diplomat,secular_official,Catholic,male,latin:3,,,,,,,,Tuscan representative in Paris,47408,Giovanni Filippo Strada (alias Wegerer),Giovanni Filippo,Strada (alias Wegerer),"Strada (alias Wegerer), Giovanni Filippo",,,,,,,,,,male,italian:1,,,,,,,,,46946,Giovanni Francesco Buonamici,Giovanni Francesco,Buonamici,"Buonamici, Giovanni Francesco",,,,physician,medicine,natural philosophy,physician,professional,,male,latin:2,,,,,,,,,47168,Giovanni Francesco Laurenti,Giovanni Francesco,Laurenti,"Laurenti, Giovanni Francesco",,,,scholar,astronomy,natural philosophy,,,Catholic,male,italian:1,,,,,,,,,47429,Giovanni Francesco Vanni,Giovanni Francesco,Vanni,"Vanni, Giovanni Francesco",,,,Jesuit (S.J.),natural philosophy,natural philosophy,jesuit,clergy,Catholic,male,italian:1,Yes,"Exegeses physico-mathematicae de momentis gravium, de vecte ac de motu aequabiliter accelerato…Romae 1685.",,,,,,,47051,Giovanni Gartino,Giovanni,Gartino,"Gartino, Giovanni",,,different name,,,,,,,male,german:1,,,,,,,,,47238,Giovanni Montel (Montiel),Giovanni,Montel (Montiel),"Montel (Montiel), Giovanni",,,,Jesuit (S.J.),travel/exploration,travel/exploration,jesuit,clergy,Catholic,male,italian:1,,,,,,,,missionary,47251,Giovanni Nardi,Giovanni,Nardi,"Nardi, Giovanni",,,,physician to the grand Duke of Tuscany,medicine,natural philosophy,physician,professional,Catholic,male,latin:2;italian:2,Yes,"De rore disquisitio physica, Firenze 1642.",,,,,,,47513,Giovanni Nicolò Conti,Giovanni Nicolò,Conti,"Conti, Giovanni Nicolò",82697266,,Cardinal,Cardinal,,,cardinal,"clergy,church_official,titled nobility",Catholic,male,italian:26,,,,"Poli, Italy",1617,"Ancona, Italy",1698-1-20,,46979,Giovanni Paolo Chiaranda,Giovanni Paolo,Chiaranda,"Chiaranda, Giovanni Paolo",,,,Jesuit (S.J.),"history,antiquarianism",history/classical scholarship,jesuit,clergy,Catholic,male,italian:2,Yes,"Piazza, citta_ di Sicilia antica, nuova, sacra, e nobile. Messina: Gli heredi di P. Brea, 1654; Thesaurus antiquitatum et historiarum Siciliae quo continentur rarissimi et optimi quique scriptores qui nobilissimarum insularum Siciliae, Sardiniae, Corsicae et adjacentum, situm, res gestas, antiquitates et imperiorum vicitudines memoriae prodiderunt... ",,,1613,,1693,,46756,Giovanni Paolo Oliva,Giovanni Paolo,Oliva,"Oliva, Giovanni Paolo",,,,"Jesuit (S.J.),General of the Society of Jesus",,,"jesuit,jesuit general","clergy,church_official",Catholic,male,latin:2,Yes,"Panegyrici Joannis Pauli Oliva et Antonii Vieira Societatis Jesu, B. Stanislao Kostka Festa_ ejus luce Dicti, 1690; Prælegenda variis anni temporibus publice in triclinio, 1851; In selecta Scripturae loca ethicae commentationes, 1744.",,,,,,,47285,Giovanni Pietro Pasquale,Giovanni Pietro,Pasquale,"Pasquale, Giovanni Pietro",,,,Jesuit (S.J.),,religious/morality,jesuit,clergy,Catholic,male,italian:1,Yes,"Historia della prima chiesa di Capua, Napoli 1666.",,,,,,,46896,Girolamo Bardi,Girolamo,Bardi,"Bardi, Girolamo",,,,priest,,,priest,clergy,Catholic,male,italian:3;latin:2,Yes,"Medicus politico catholicus, seu Medicinae sacrae tum cognoscendae, tum faciundae idea. Genuae: Typis Jo. Mariae Farroni, 1644; Xaverius peregrinus. Romae: typis Ignatij de Lazeris, 1659. ",,,,,,,46699,Girolamo Boncompagni,Girolamo,Boncompagni,"Boncompagni, Girolamo",,,Cardinal,Cardinal,,,cardinal,"church_official,clergy",Catholic,male,italian:1,Yes,"[Titre manquant], 1665.",,,,,,,47346,Girolamo da Sassari,Girolamo da,Sassari,"Sassari, Girolamo da",,,,Capuchin (O.F.M. Cap.),,,capuchin,clergy,Catholic,male,italian:1,,,,,,,,,46797,Giulio Banfi (Palfi),Giulio,Banfi (Palfi),"Banfi (Palfi), Giulio",,,,composer,music,music,,professional,Catholic,male,italian:2,,,,,,,,,47002,Giulio Cuzzio,Giulio,Cuzzio,"Cuzzio, Giulio",,,,Jesuit (S.J.),,,jesuit,clergy,Catholic,male,"italian:1;latin,italian:1",,,,,,,,,47068,Giulio Giustiniani,Giulio,Giustiniani,"Giustiniani, Giulio",,,,"procurator of San Marco in Venice, antiquarian-owner of greek manuscripts library",,other,"procurator,collector",professional,Catholic,male,italian:2,,,,,1624,,1699,,46757,Giuseppe Antonio Petrucci,Giuseppe Antonio,Petrucci,"Petrucci, Giuseppe Antonio",,,disciple of Athanasius Kircher,disciple of Athanasius Kircher,,,disciple,,Catholic,male,italian:2,,,,,,,,,46953,Giuseppe Candone,Giuseppe,Candone,"Candone, Giuseppe",,,,Jesuit (S.J.),,,jesuit,clergy,Catholic,male,italian:1,,,,,,,,,46986,Giuseppe Coccia,Giuseppe,Coccia,"Coccia, Giuseppe",,,,,,,,,,male,italian:5;latin:1 ,,,,,,,,,46828,Giuseppe della Corgna,Giuseppe della,Corgna,"Corgna, Giuseppe della",,,Bishop of Orvieto,Bishop of Orvieto,,,bishop,"church_official,clergy",Catholic,male,italian:2,Yes,"Constitutiones editae ab illustre et reverend. domino fr. Josepho della Corgna, episcopo Urbevetano: In Diocesana Synodo celebrata in Ecclesia sua Cathedrali Urbevetana diebus 20.21.22 mensis Octobris 1666, 1667.",,,,,,,46726,Godefrid Alois Kinner von Löwenthurm,Godefrid Alois,Kinner von Löwenthurm,"Kinner von Löwenthurm, Godefrid Alois",,,,"mathematician, tutor to the Archduke",mathematics,natural philosophy, tutor,professional,Catholic,male,latin:28,Yes,"Elucidatio Geometrica problematis Austriaci, 1653, Stella matutina in medio Nebulae, 1664 ",,,,,,,46994,Gottfried Cörler,Gottfried,Cörler,"Cörler, Gottfried",,,,Jesuit (S.J.),,,jesuit,clergy,Catholic,male,"latin:2;latin,italian:1",,,,,,,,,47109,Gottfried Henschius,Gottfried,Henschius,"Henschius, Gottfried",,,,Jesuit (S.J.),,,jesuit,clergy,Catholic,male,latin:4,,,,,,,,,47453,Gottfried Wendelin,Gottfried,Wendelin,"Wendelin, Gottfried",37002606,,"Godefroy, Vendelinus",scholar,astronomy,natural philosophy,"priest,educator,cartographer","professional,clergy",Catholic,male,latin:1,Yes,"Gotifredi Wendelini Luminarcani Eclipses Lunares ab. a. 1573. ad 1643. observatae quibus tabulae atlanticae supertruuntur earumque idea proponitur, Antverpie 1644. Leges salicae illustratae : illarum natale solum demonstratum: cum glossario salico vocum advaticarum, Antverpiae 1649. De sacris inscriptionibus, Antverpiae 1649.",,"Herk-de-Stad, Belgium",1580-6-6,"Ghent, Belgium",1667-10-24,,47171,Gottfried Wilhelm Leibniz,Gottfried Wilhelm,Leibniz,"Leibniz, Gottfried Wilhelm",9849392,,,"natural philosopher,mathematician,librarian","mathematics,natural philosophy",natural philosophy,librarian,professional,Protestant,male,"latin,greek:1",Yes,,,"Leipzig, Germany",1646-1-7,"Hanover, Germany",1716-11-14,,47355,Gotthard Franz von Schaffgotsch,Gotthard Franz von,Schaffgotsch,"Schaffgotsch, Gotthard Franz von",,,,"protonotary apostolic, capitulary in Breslau",,,capitulary,"titled_nobility, church_offical",Catholic,male,latin:2,,,,,1629,,1668,,47554,governor of [unidentified] Perugia,governor of [unidentified],Perugia,"Perugia, governor of [unidentified]",,,,,,,,,,male,latin:3,,,,,,,,,governor of Perugia?46717,Grand Duke of Tuscany Ferdinando II de' Medici,Grand Duke of Tuscany,Ferdinando II de' Medici,"Ferdinando II de' Medici, Grand Duke of Tuscany",59056232,,Grand Duke of Tuscany,Grand Duke of Tuscany,,,grand duke,titled_nobility,Catholic,male,italian:14,,,,Italian,1610-7-14,,1670-5-23,,47336,Grégoire de Saint-Vincent,Grégoire de,Saint-Vincent,"Saint-Vincent, Grégoire de",,,,Jesuit (S.J.),mathematics,natural philosophy,jesuit,clergy,Catholic,male,latin:2,Yes,"Theoremata mathematica scientiae staticae, Lovanii 1624. P. Gregorii a Ste Vincentio opus geometricum quadraturae circuli et sectionum coni decem libris comprehensum. Problema Austriacum plus ultra quadratura circuli, Antverpiae 1647.",,,,,,,46894,Gregorio Barbarigo,Gregorio,Barbarigo,"Barbarigo, Gregorio",,,Cardinal,Cardinal,,,"cardinal,diplomat","church_official,clergy,secular_official",Catholic,male,italian:1,,,,,,,,,47469,Gregorio Zellani,Gregorio,Zellani,"Zellani, Gregorio",,,,,,,,,,male,italian:1,,,,,,,,,name unreadable47235,Guido Montalbani,Guido,Montalbani,"Montalbani, Guido",,,,Franciscan (O.F.M.),,,franciscan,clergy,Catholic,male,italian:1,,,,,,,,,46924,Hans Blaew,Hans,Blaew,"Blaew, Hans",,different last name Black?,,,,,,,,male,latin:1,,,,,,,,,47046,Hans Jakob Froberger,Hans Jakob,Froberger,"Froberger, Hans Jakob",,,,"composer, musician",music ,music,"composer,musician",professional,Catholic convert,male,german:2,,,,,,,,,47290,Heinrich Günther von Peschwitz,Heinrich Günther von,Peschwitz,"Peschwitz, Heinrich Günther von",,,,office holder at Sachsen electorate,,,office holder,secular_official ,Protestant,male,latin:1,,,,,,,,I assume protestant,46925,Heinrich Julius von Blume,Heinrich Julius von,Blume,"Blume, Heinrich Julius von",,,,archivist of Duke August of Brunswick-L,,,archivist,"secular_official,professional",Catholic convert,male,latin:11,Yes,"Calixt, Georg, and Heinrich Julius von Blume. Viri Plurimum Reverendi, Excellentißimi, Dn. Georgii Calixti ... Exeritatio De Missis Solitariis Contra Pontificios Instituta. Accessit Henrici Ivlii Blvmen Hannoverani Defensio Adversvs Iohannem Mvlmannvm e Soc. Iesu Professorem Monasteriensem. Francofurti Ad Moenum: Hu_ttnerus, 1650; Conring, Hermann (Gelehrter), and Heinrich Julius von Blume (respondent). De constitutione episcoporum Germaniae. Helmaestadi: (Mu_ller), 1647.",,,,,,,47230,Heinrich Modersohn,Heinrich,Modersohn,"Modersohn, Heinrich",,,,Jesuit (S.J.),,,jesuit,clergy,Catholic,male,latin:3;italian:1,,,,,,,,,47326,Heinrich Roth (Roa),Heinrich,Roth (Roa),"Roth (Roa), Heinrich",,,,Jesuit (S.J.),,,jesuit,clergy,Catholic,male,latin:3,Yes,"Disputatio inauguralis de remedio revisorio adversus sententias camerae imperialis, Jenae 1680.",,,,,,,47200,Hendrick Marcellius,Hendrick,Marcellius,"Marcellius, Hendrick",,,Henricus,Jesuit (S.J.),,,jesuit,clergy,Catholic,male,latin:2,Yes,"Armamentarium scientificum, in quo reposita ordinate et breviter illustrata continentur axiomata, pronunciata, dicta philosophica in primis et theologica, deinde etiam juridica, medica et... moralia , Paris 1635. Enchiridion militiae christianae sex titulis paraeneticis distinctum, quo, ex Scriptura, patribus, historicis sacris et profanis vera internae pacis obtinendae via ostenditur, Catalauni 1632.",,,,,,,47434,Henricus Verstegen,Henricus,Verstegen,"Verstegen, Henricus",,,,,,,,,,male,latin:1,,,,,,,,,47348,Henri Sauvalle,Henri,Sauvalle,"Sauvalle, Henri",,,Sauval,"scholar, lawyer ",history,history/classical scholarship,,professional,,male,french:1,Yes,,,"Paris, France",1623,,1676-3-21,,46999,Hermann Crombach,Hermann,Crombach,"Crombach, Hermann",,,,Jesuit (S.J.),"theology,hagiography,church history",religious/morality,jesuit,clergy,Catholic,male,latin:1,Yes,"Primitiæ gentium: seu Historia SS. Trium Regum Magorum evangelicorum, et encomium quibus prærogativæ eorum, genus, patria, & expectatio sideris ac Messiæ ... commentario in caput S. Matthæi illustrata ... opere tripartito. Coloniæ Agrippinæ: Apud J. Kinchium, 1654; Vita et martyrivm S. Vrsvlæ et sociarum undecim millium virginum etc.: ex antiquis monimentis [sic] bona fide descriptu_, notabilibus argumentis, quibus historiæ fides satis solide_ fundari posse videatur confirmatum, et in duos distinctum tomos. Coloniæ Agrippinæ: Sumptibus Hermanni Mylij Birckm, 1647; Veri et pii sacerdotis idea, seu vita R. D. Iacobi Merlo-Horstii, pastoris B. Mariae Virginis in pasculo Coloniae. Coloniae: Kinchius, 1645.",,,,,,,46832,Hermann Georg von Neuhoff,Hermann Georg von,Neuhoff,"Neuhoff, Hermann Georg von",,,Prince-abbot of Fulda,Prince-abbot of Fulda,,,prince abbot,"titled_nobility,clergy,church_official",Catholic,male,latin:2,,,,,,,,,47123,Hermann Horst,Hermann,Horst,"Horst, Hermann",,,,Jesuit (S.J.),,,jesuit,clergy,Catholic,male,latin:4,,,,,,,,,46920,Hermann von Biesenrodt,Hermann von,Biesenrodt,"Biesenrodt, Hermann von",,,,member of Fruitbearing Society,,,,,,male,latin:1,,"Hannß Hermann von Biesenrod, Der Geistliche gestirnte Kirchen-Himmel/ Wie er In den Worten Christi Joh. 3. v. 16. sich zeiget Und Bey der letzten Ehrerweisung Des ... Hn. Hannß Hermann von Biesenrodts/ HochFu_rstl. Sa_chs. Creyß- und Ambts-Hauptmanns zu Ju_terbog und Dahm/ Wie auch des Ju_terbogischen Creyses Directoris, In einer o_ffentlichen Geda_chtniß-Predigt vorgetragen/ Dahm/ den 26. Iunii des 1698sten Jahres.",,,,,,,47164,Hieronymus Ambrosius Langenmantel,Hieronymus Ambrosius,Langenmantel,"Langenmantel, Hieronymus Ambrosius",20478005,,,"natural philosopher, anatomist, academy member, Respondent at University of T","natural philosophy,anatomy ",natural philosophy,"academy member,Respondent",professional,Catholic,male,latin:5,Yes,"Panoplia genethliaca Augustanae nobilitatis latino-gallica, Augustae Vindelicorum 1668.",,,1641,,,,47098,Hieronymus Harder,Hieronymus,Harder,"Harder, Hieronymus",,,professor of oriental languages at the university of Leyden,professor of oriental languages at the university of Leyden,"orientalism,languages",languages,professor,professional,Protestant,male,"latin,arabic:1;latin:2",Yes,"Disputatio Theologica de Theologia Noachica quam. Lugduni Batavorum: Apud viduam & haeredes J. Elsevirii, 1668; Zwinger, Johann, and Hieronymus Harder. Disputatio Philosophica de Sede Animae Rationalis. Basileae: Deckerus, 1664.",,,,,,,46815,Holy Roman Emperor Ferdinand III,Holy Roman Emperor,Ferdinand III,"Ferdinand III, Holy Roman Emperor",,,,Holy Roman Emperor,,,emperor,titled_nobility,Catholic,male,latin:4;german:1,,,,,,,,,46742,Holy Roman Emperor Leopold I,Holy Roman Emperor,Leopold I,"Leopold I, Holy Roman Emperor",,,Emperor,Emperor,,,emperor,titled_nobility,Catholic,male,latin:5,,,,,,,,,47007,Hubert Dauxon,Hubert,Dauxon,"Dauxon, Hubert",,,,Jesuit (S.J.),,,jesuit,clergy,Catholic,male,"latin,hebrew:1",,,,,,,,,47373,Hugo Semple,Hugo,Semple,"Semple, Hugo",,,Sempil,Jesuit (S.J.),mathematics,natural philosophy,jesuit,clergy,Catholic,male,latin:1,Yes,"Exertitia matematica, Madrid 1642.",,,,,,,47176,Iacintho Libelli,Iacintho,Libelli,"Libelli, Iacintho",,,Bishop,"Dominican (O.P.),bishop",,,"dominican,bishop","clergy,church_official",Catholic,male,italian:1,,,,,,,,,47281,Ignace Gaston Pardies,Ignace Gaston,Pardies,"Pardies, Ignace Gaston",,,,Jesuit (S.J.),mathematics,natural philosophy,jesuit,clergy,Catholic,male,latin:2,Yes,"Elemens de geometrie, Paris 1671. Discours de la connoissance des bestes, Paris 1672. La statique : ou, La science des forces mouvantes, Paris 1673.",,,,,,,47637,Ignazio Arcamone,Ignazio,Arcamone,"Arcamone, Ignazio",,,,Jesuit (S.J.),travel/exploration,travel/exploration,jesuit,clergy,Catholic,male,"unidentified language,italian,hebrew,greek:1",Yes,"De Sasatana Peninsula, Goa 1664.",,,1615,,1683,,47174,Ignazio Leonardi,Ignazio,Leonardi,"Leonardi, Ignazio",,,,Jesuit (S.J.),,,jesuit,clergy,Catholic,male,latin:1,,,,,,,,,47414,Ignaz Teylin,Ignaz,Teylin,"Teylin, Ignaz",,,,Jesuit (S.J.),,,jesuit,clergy,Catholic,male,italian:2,,,,,,,,,47084,Isaac Gruterus,Isaac,Gruterus,"Gruterus, Isaac",48181884,,Gruter,,"natural philosophy,classical scholarship","natural philosophy,history/classical scholarship","editor,translator ",professional,Protestant,male,latin:6,Yes,edited/translated works of Francis Bacon,,,1610,,1680,I assume protestant. What type of scholar?,47073,Jacobus Golius,Jacobus,Golius,"Golius, Jacobus",10605557,,Jacob van Gool,"orientalist, mathematician, chair of mathematics, chair of Arabic (at Leiden)","orientalism,languages,mathematics","languages,natural philosophy",,professional,Protestant,male,latin:1,Yes,"Castell, Edmund, and Jacobus Golius. Lexicon heptaglotton, hebraicum, chaldaicum, syriacum, samaritanum, æthiopicum, arabicum, conjunctim; et persicum, separatim. In quo, omnes voces ... tam in mssis. qua_m impressis libris, cumprimis autem in Bibliis polyglottis ... continentur ... Cui accessit brevis, & harmonica ... grammaticæ omnium præcedentium linguarum delineatio. Londini: T. Roycroft, 1669; Jacobi Golii Lexicon arabico-latinum, contextum ex probatioribus orientis lexicographis. Lugduni Batavorum: typis Bonaventurae & Abrahami Elseviriorum, prostant Amstelodami apud Johannem Ravesteynivm, 1653. ",,"The Hague, TheNetherlands",1596,"Leiden, The Netherlands",1667-9-28,,47079,Jacobus Gratz,Jacobus,Gratz,"Gratz, Jacobus",35563495,,,Jesuit (S.J.),,,jesuit,clergy,Catholic,male,latin:1,,,,"Nisa, Poland",1629-4-29,"Prague, Czech Republic",1700-2-10,,47232,Jacobus Molinaeus,Jacobus,Molinaeus,"Molinaeus, Jacobus",,,"Jacques du Moulin, James du Molins, James Miln",surgeon to the Charles II. And James II. ?,medicine,natural philosophy,academy member ,professional,,male,latin:1,,,,,,,,member of Royal Society,46747,Jacopo Nini,Jacopo,Nini,"Nini, Jacopo",,,Bishop of Corinth,"Cardinal,Bishop of Corinth",,,"bishop,cardinal,secretary","church_official,clergy",Catholic,male,italian:5 ,,,,,,,,,46922,Jacques de Billy,Jacques de,Billy,"Billy, Jacques de",66546480,,,Jesuit (S.J.),"astronomy,mathematics ",natural philosophy,"jesuit,professor,rector",clergy,Catholic,male,latin:3,Yes,"Le tombeau de l'astrologie judiciaire. Paris: M. Soly, 1657; Arithmetick, Vulgar, Decimal, Instrumental, Algebraical In Four Parts ... : Whereunto Is Added the Construction and Use of Several Tables of Interest and Annuities, Weights, and Measures, Both of Our Own and Other Countries. London: Printed by Tho. James for George Sawbridge, 1678; Opvs astronomicvm in qvo siderum omnium hypotheses, eorum motus tum medij tum veri, tabularum condendarum ratio, eclipseon putandarum methodus, obseruationum praxes, cæterorumque omnium quæ ab astronomis pertractantur, scientificus calculus, breui ac facili via exponunt. Divione: Apud P. Palliot, 1661. ",,,1602,,1679,,47078,Jacques Grandami,Jacques,Grandami,"Grandami, Jacques",,,,Jesuit (S.J.),"natural philosophy,astronomy ",natural philosophy,jesuit,clergy,Catholic,male,latin:2,Yes,"Nova demonstratio immobilitatis terræ petita ex virtute magnetica et quædam alia ad effectus & leges magneticas, usumque longitudinum & universam geographiam spectantia, de novo inventa. Flexiæ: G. Griveau, 1645; Grandami, Jacques, Se_bastien Cramoisy, and Se_bastien Mabre-Cramoisy. Le cours de la comete qui a paru sur la fin de l'anne_e 1664 et au commencement de l'anne_e 1665: avec un traite_ de sa nature, de son mouvement, et de ses effets. A Paris: Chez Sebastien Cramoisy et Sebastien Mabre-Cramoisy, 1665; De Die supremo et natali Christi quaestio evangelica... auctore P. Jacobo Grandamico. Fixae Andecavorum: ex officina G. Laboe, 1661. ",,,,,,,47020,Jacques Honoré Durand,Jacques Honoré,Durand,"Durand, Jacques Honoré",,,,Jesuit (S.J.),,,jesuit,clergy,Catholic,male,latin:1,,,,,,,,,47440,Jacques Viva (Fiva),Jacques,Viva (Fiva),"Viva (Fiva), Jacques",,,,Jesuit (S.J.),,,jesuit,clergy,Catholic,male,latin:6,,,,,,,,,47101,Jakob Hartmann,Jakob,Hartmann,"Hartmann, Jakob",,,,Jesuit (S.J.),,,jesuit,clergy,Catholic,male,latin:1,,,,,,,,,47132,Jakob Irsing,Jakob,Irsing,"Irsing, Jakob",,,,Jesuit (S.J.),"theology,church history",religious/morality,jesuit,clergy,Catholic,male,latin:1,Yes,"Historiae D. Virginis Oetinganae Libri III. Monachii: Leyserius, 1643; Spinola, Fabio Ambrogio, and Jakob Irsing. Meditationes Supra Vitam Et Gesta Christi, Deiparae et Sanctorum praecipuorum. 1, Meditationes Supra Vitam Christi : Ab Adventu usq[ue] ad Mensem Junium. Francofurti: Scho_nwetter, 1670; Irsing, Jakob, and Johann Scheitenberger. Historia von der weitberu_hmten Unser lieben Frawen Capell zu Alten-Oetting. 1653; Irsing, Jakob. Fortsetzung der Hu_llf- und Gnaden-Beichten, die Gott durch Fu_rbitt Seiner wunderbarlichen Mutter und seeligsten Jungfrauen Maria_, bey der h. Capell und Gotteshauß Alten-O_tting in Niedern-Bayern, von Anno 1661 biß 1695 gewu_rket hat. 1698. ",,,,,,,47013,Jakob Johann Wenzel Dobrzenski de Nigro Ponte,Jakob Johann Wenzel,Dobrzenski de Nigro Ponte,"Dobrzenski de Nigro Ponte, Jakob Johann Wenzel",83693449,,Jakob Johannes Wenzeslaus Dobrzenski,,"mathematics,medicine,alchemy",natural philosophy,"physician,professor",professional,Catholic,male,latin:1,Yes,"Nova et amaenior de admirando fontium genio (ex abditis naturae claustris, in orbis lucem emanante) philosophia. Ferrariae [Ferrara]: apud Alphonsum, & Io. Baptistam de Marestis, 1659.",,"Prague, Czech Republic",1623,"Prague, Czech Republic",1697-3-3,what kind of professor?,47307,Jakob Rautenfels,Jakob,Rautenfels,"Rautenfels, Jakob",,,,,travel/exploration,travel/exploration,,titled_nobility,Catholic convert,male,italian:1,Yes,"Viaggio di Spitzberga o Grolando, Bologna 1680.",,,,,,"traveler from Courland to Moskow, Lapland, Nova Zembla",http://books.google.cz/books?id=GU43AAAAIAAJ&q=johann+ernst+rautenstein&dq=johann+ernst+rautenstein&hl=cs&sa=X&ei=mnA3T6-0N4jBhAemoviIBQ&ved=0CDQQ6AEwATgK47066,James Alban Gibbes,James Alban,Gibbes,"Gibbes, James Alban",66397001,,,scholar,"poetry,medicine","poetry,natural philosophy ",physician,professional,Catholic,male,italian:1;latin:1,Yes,"Carminum Iacobi Ghibbesii, poetae laureati Caesarei, pars lyrica, ad exemplum Q. Horatii Flacci quam proxime concinnati. Romae: Ex officina_ Fabij de Falco, 1668; In nuptiis excellentissimorum principum Nicolai Ludovisii et Constantiae Pamphiliae, epithalamium Iacobi Gibbesii Angli. Ode acrosticha. Romae: ex typ. Francisci Monetae, 1645; Oddi, Oddo degli, Marco degli Oddi, Paolo Meietti, James Alban Gibbes, Richard Morland Tollemache Westbury, Oddo degli Oddi, and Oddo degli Oddi. Oddi de Oddis Patauini physici, ac medici clarissimi, De pestis, & pestiferorum omnium affectuum causis, signis, praecautione, & curatione, libri IIII ; Apologiae pro Galeno, tum in logica, tum in philosophia, tum etiam in medicina, libri III ; De coenae, & prandij portione, libri II. Venetiis: Apud Paulum & Antonium Meietos fratres, 1570; In solenni Stvdiorvm Romanae Sapientiae instavratione. Romae: Ex Typographia Iacobi Dragondelli, 1657. ",,,1611,,1677,,46868,James Allestree,James,Allestree,"Allestree, James",,,,,,,book seller,professional,,male,italian:1,,,,England,,,,what kind of scholar?,http://books.google.cz/books?id=EDCR46Ov_FQC&pg=PA33&dq=James+Allestree+Rome&hl=cs&sa=X&ei=jlYwT9HZCs2DhQfk0vj_BA&ved=0CC8Q6AEwAA#v=onepage&q=James%20Allestree%20Rome&f=false46801,Jan Marcus Marci of Kronland,Jan Marcus,Marci of Kronland,"Marci of Kronland, Jan Marcus",,,,physician,"medicine,natural philosophy ",natural philosophy,physician,professional,Catholic,male,latin:38,Yes,"Idearum operaticum idea,1636; De proportione motus, 1639; Thaumantias liber de arcu coelesti, 1648; De longitudine seu differentia inter duos meridianos, 1650; Disssertatio de natura iridis, 1650; Philosophia vetus restitute, 1662; Othosophia seu philosophia impulsus universalis, 1683. ",,,,,,"Marci z Kronlandu, Jan Marek, and Jacobus Johannes Wenceslaus Dobrzensky. 1652. Theses med. de hydrope.",47003,Jean Baptiste Cysat,Jean Baptiste,Cysat,"Cysat, Jean Baptiste",,,,Jesuit (S.J.),astronomy,natural philosophy,jesuit,clergy,Catholic,male,latin:1,Yes,"Cysat, Jean-Baptiste, Volpertus Mozelius, Georg Wilhelm von Helffenstein, Elisabeth Angermaier, and Wilhelm Eder. Mathemata Astronomica de loco, motu, magnitudine, et causis cometae qui sub finem anni 1618. et initium anni 1619. in coelo fulsit... Authore Io. Baptista Cysato... Publiceque proposita et demonstrata ab... Volperto Mozelio... (Carmen G. W. in Helffenstein). S.l: s.n, 1619.",,,,,,,47334,Jean-Baptiste Tonduty de Saint-Légier,Jean-Baptiste Tonduty de,Saint-Légier,"Saint-Légier, Jean-Baptiste Tonduty de",,,Primarius of the University of Avignon,Primarius of the University of Avignon,,,primarius,secular_official,,male,latin:2,,,,,,,,,46930,Jean Bolland (Johannes Bolland),Jean,Bolland,"Bolland, Jean",,,,Jesuit (S.J.),hagiography,religious/morality,jesuit,clergy,Catholic,male,latin:1,Yes,"Imago primi sæcvli Societatis Iesv a Provincia Flandro-Belgica eivsdem Societatis repræsentata. Antverpiæ: ex officina Plantiniani Balthasaris Moreti, 1640; Acta sanctorvm quotquot toto orbe coluntur, vel a_ catholicis scriptoribus celebrantur. Antverpiæ: apvd Ioannem Mevrsivm, 1643.",,,,,,,47605,Jean Charles Della Faille,Jean Charles,Della Faille,"Della Faille, Jean Charles",37813468,,,Jesuit (S.J.),mathematics,natural philosophy,jesuit,clergy,Catholic,male,latin:1;spanish:3,Yes,"Theoremata de centro gravitatis partium circuli et ellipsis, Antverpiae 1632.",,"Antwerp, Belgium",1597-3-1,"Barcelona, Spain",1652-11-4,,47602,Jean Ferrand,Jean,Ferrand,"Ferrand, Jean",,,,Jesuit (S.J.),,,jesuit,clergy,Catholic,male,latin:3,Yes,"Disqvisitio reliqviaria : sive de suspicienda, et suspecta earumdem numero reliquiarum, quae in diversis ecclesiis servantur, multitudine, Lugduni 1647. Epinicion pro Liliis : sive Pro avreis Franciae Liliis, aduersus D. Io. Iacobvm Chiffletivm, Lugduni 1663.",,,,,,,47259,Jean François Niceron,Jean François,Niceron,"Niceron, Jean François",10062092,,,Minim (O.F.M. Minim.),mathematics,natural philosophy,minim,clergy,Catholic,male,latin:1,Yes,"La Perspective curieuse ou magie artificielle des effets merveilleux, Paris 1638. De iis quae spectant ad visionem directam, Paris 1646.",,"Paris,France)",1613,"Aix, France",1646-9-22,,47202,Jean Jacques Markwart,Jean Jacques,Markwart,"Markwart, Jean Jacques",,,,Jesuit (S.J.),,,jesuit,clergy,Catholic,male,latin:1,,,,,,,,,47181,Jean Lombard,Jean,Lombard,"Lombard, Jean",,,,Jesuit (S.J.),,religious/morality,jesuit,clergy,Catholic,male,italian:1,Yes,"Me_thode courte et facile pour discerner la ve_ritable religion chre_tienne d'avec les fausses qui prennent ce nom aujourd'hui, Paris 1725.",,,,,,,47222,Jean Menecard,Jean,Menecard,"Menecard, Jean",,,,Benedictine (O.S.B.),,,benedictine,clergy,Catholic,male,latin:1,,,,,,,,,47242,Jean Morin,Jean,Morin,"Morin, Jean",39400456,,Joannes Morinus,Oratorian (Cong. Orat.),theology ,religious/morality,oratorian,clergy,Catholic convert,male,latin:1,Yes,"The Histoire de la délivrance de l'Église chrétienne par l'empereur Constantin, et de la grandeur et souveraineté temporelle donnée a l'Église romaine par les rois de France, 1631. Declaration, 1654.",,"Blois, France",1591,,1659-2-28,traveled to Rome,46842,Jean Paul de Lascaris-Castellar,Jean Paul de,Lascaris-Castellar,"Lascaris-Castellar, Jean Paul de",,,,Grand Master of the Knights of Malta,,,grand master,"clergy,church_official",Catholic,male,italian:2,,,,,,,,,47458,Joachim de Wicquefort,Joachim de,Wicquefort,"Wicquefort, Joachim de",,,,,,,diplomat,secular_official,Protestant,male,latin:1,Yes,"Lettres de M. J. De Wicquefort, 1696.",,,,,,,47115,Joachim Pastor von Hirtenberg,Joachim Pastor von,Hirtenberg,"Hirtenberg, Joachim Pastor von",,,,"physician, poet","poetry,medicine","poetry,natural philosophy ",physician,professional,Catholic convert,male,latin:3,,,,"Glogau, Poland",1611-9-20,"Frauenburg, Poland",1681-12-26,,46833,Joachim von Gravenegg,Joachim von,Gravenegg,"Gravenegg, Joachim von",,,Prince-abbot of Fulda,Prince-abbot of Fulda,,,prince abbot,"titled_nobility,clergy,church_official",Catholic,male,latin:3;german:1 ,Yes,"Officia propria sanctorum ecclesiae Fuldensis, ad ... breviarii Benedictini ex Romano restituti Autoritate et jussu ; reverendissimi & illustrissimi Principis ac Domini, 1670; Athanasii Kircheri E Societate Jesu Iter Extaticum Coeleste: Quo Mundi opificium, id est, Coelestis Expansi, siderumq[ue] tam errantium, quam fixorum natura, vires, proprietates, singulorumq[ue] compositio & structura, ab infimo Telluris globo, usq[ue] ad ultima Mundi confinia, per ficti raptus integumentum explorata, nova hypothesi exponitur ad veritatem, Interlocutoribus Cosmiele et Theodidacto, 1660. ",,,,,,,47135,Joannes Jansson van Waesberghe,Joannes,Jansson van Waesberghe,"Jansson van Waesberghe, Joannes",,,"Waesberghe, Joannes Janssonius van.",publisher,history,history/classical scholarship,publisher,professional,Protestant,male,french:2;dutch:2,Yes,"La guerre d'Italie: repre_sente_e en plusieurs cartes, dans lesquelles on peut voir toute les routes, les marches, les campemens et les champs de bataille de l'Arme_e Imperiale et celle des Aliez. Amsterdam: Jansson a Waesberge, 1702.",,,,,,"In this case, he appears to be the author",47190,Joannes Magirus,Joannes,Magirus,"Magirus, Joannes",,,,physician in Zerbst,medicine,natural philosophy,physician,professional,,male,latin:1,Yes,,,,1615,,1697,,47244,Job Mucamez,Job,Mucamez,"Mucamez, Job",,,Rabbi,Rabbi,,,rabbi,other_religious,Jewish,male,hebrew:1,,,,,,,,,letter in hebrew script47141,Jodocus (alias Theodor Berck) Kedd,Jodocus (alias Theodor Berck),Kedd,"Kedd, Jodocus (alias Theodor Berck)",,,,Jesuit (S.J.),"polemic,theology",religious/morality,jesuit,clergy,Catholic,male,latin:59,Yes,"Agraphia Lvtheranismi, Das ist: Schrifftlosigkeit deß Lutherthumbs, Oder Augenscheinlicher Beweiß, daß die New-Euangelische Praedicanten keinen eintzigen eygenthumblichen Glaubens-Articul, so Sie wider die Ro_misch-Catholische Kyrch lehren ... beweisen ko_nnen. Ingolstatt: Ha_nlin, 1654; Gloria verae ecclesiae, Das ist: Ehr der wahren Kirchen Jesu Christi, Welche Durch Bekehrung der Heydenschafft durch die gantze Welt glantzet, Sonderlich Nach Auffgang der Sonnen, Durch den Heilig. und Wundertha_tigen Franciscum Xaverium, Societatis Jesu, Der Indianer Aposteln. Amberg: Haugenhofer, 1653; Calixt, Georg, Johann Georg, and Jodocus Kedd. Apocalypsis Calixtina. Das ist: Calixtinische Offenbarung Deß Lutherischen Antichrists in seinem Sendschreiben An den Durchleuchtigisten Hochgebornen Fu_rsten und Herrn Johann Georgen Hertzogen und Churfu_rsten zu Sachsen/ [et]c. erkla_ret. Ingolstatt: Ha_nlin, 1653. ",,,,,,,47650,Jodocus Kalckhoven,Jodocus,Kalckhoven,"Kalckhoven, Jodocus",2429759,,Jost,"Bookseller, publisher",,,"bookseller,publisher",professional,Catholic,male,latin:2,,,,"Warstein, Germany",1620,"Köln, Germany",1669,"counterreformation writings, editor",46722,Jodwig Höpffner,Jodwig,Höpffner,"Höpffner, Jodwig",,,Counsellor to Archduke Leopold Wilhelm,Counsellor to Archduke Leopold Wilhelm,,,councillor,secular_official,Catholic,male,latin:1,,,,,,,,,47620,Johann Abraham Pömer,Johann Abraham,Pömer,"Pömer, Johann Abraham",,,Pomer,Councilman,,,councillor,secular_official,Protestant,male,latin:1,,,,,1604,,1687,,I assume protestant-correspondent of protestants46871,Johann Altingh,Johann,Altingh,"Altingh, Johann",,,,Jesuit (S.J.),,,jesuit,clergy,Catholic,male,latin:1,,,,,,,,,46872,Johann Ambsterbach,Johann,Ambsterbach,"Ambsterbach, Johann",,,,,,,,,,male,latin:1,,,,,,,,It is a different name but I am not able to read it in Luna,47030,Johann Andreas Endter,Johann Andreas,Endter,"Endter, Johann Andreas",,,,publisher,,,publisher,professional,,male,latin:1,,,,,,,,,46893,Johann Balthasar,Johann,Balthasar,"Balthasar, Johann",,,,,,,,,,male,latin:1;italian:1,,,,,,,,,47227,Johann Baptist Miller,Johann Baptist,Miller,"Miller, Johann Baptist",,,,,,,,,,male,italian:1,,,,,,,,,different name?46723,Johann Baptist van Hollant,Johann Baptist van,Hollant,"Hollant, Johann Baptist van",,,,Jesuit (S.J.),,,jesuit,clergy,Catholic,male,latin:4,,,,,,,,,46904,Johann Beirlé,Johann,Beirlé,"Beirlé, Johann",,,,Jesuit (S.J.),,,jesuit,clergy,Catholic,male,latin:1,,,,,,,,,46913,Johann Berthold,Johann,Berthold,"Berthold, Johann",,,,Jesuit (S.J.),,,jesuit,clergy,Catholic,male,latin:1,,,,,,,,,46949,Johann Buxtorf,Johann,Buxtorf,"Buxtorf, Johann",41947846,,,,"languages,hebrew,chaldean,orientalism",languages ,orientalist,professional,Protestant,male,latin:2,Yes,"Johan. Buxtorfii Epitome grammaticæ Hebrææ breviter & methodice ad publicum scholarum usum proposita : adjecta succincta de mutatione punctorum vocalium instructio, & textuum Psalmoru_mque aliquot Hebraicorum Latina interpretatio : vt prompta sit juventuti, & ad manum posita lectionis & exercitationis materies. Cantabrigiæ: Ex Officina Rogeri Daniel, 1646; Johannis Buxtorfi Lexicon Hebraicum et Chaldaicum complectens omnes voces tam primas qua_m derivatas, quæ in sacris Bibliis, Hebræa, & ex parte Chaldæa_ lingua_ scriptis extant ... accessit lexicon breve rabbinico-philosophicum, communiora vocabula continens, quæ in commentariis passim occurrunt : cum justo indice vocum Latino. Londini: Typis Jacobi Junii & Mosis Bell, sumptibus Richardi Whitakeri & Samuelis Cartwright, 1646;  ",,"Basel, Switzerland",1599-8-13,"Basel, Switzerland",1664-8-16,hebraist,46981,Johann Christenius,Johann,Christenius,"Christenius, Johann",,law professor in Amsterdam and Deventer,,,law,other,professor,professional,Protestant,male,latin:1,Yes,"Iohannis Christenii Oratio de erroribus multorum jurisprudentiam discentium, & qua via sit eundum recitata in illustri Amstelodamensium gymnasio cum iurisprudentiæ possessionem ordiretur. XIII. Novembris Gregoriani. Anno M. DC. LIX. Amstelodami: Apud Iohannem Ravesteinium civitatis & illustris Gymnasii typographum, 1659.",,,1599,,1672,I guess Protestant. Was he a composer or is that a different person?,46928,Johann Christian von Bömeburg,Johann Christian von,Bömeburg,"Bömeburg, Johann Christian von",,wrong name it is Boineburg,"Boineburg, Boyneburg",Baron,,,baron,titled_nobility,Catholic convert,male,latin:2;dutch:1,Yes,"De Jure coronandi pro electore Moguntino dissertatio, Moguntiae, 1655.",,"Eisenach, Germany",1622-4-12,"Mainz, Germany",1672-12-8,,47124,Johann Daniel Horst,Johann Daniel,Horst,"Horst, Johann Daniel",13105221,,,physician,medicine,natural philosophy,physician,professional,,male,latin:1,Yes,"Rivie_re, Lazare, Johann Jakob Doebel, and Johann Daniel Horst. Opera medica universa; quibus continentur, I. Institutionum medicarum libri quinque. II. Praxeos medicae libri septemdecim. III. Observationum medicarum centuriae quatuor. Quibus accedunt Observationes variae ab aliis communicatae: ite_mque Observationes infrequentium morborum. Ac denique ipsissima Arcana Riverii plene_ revelata. Lugduni: Sumptibus Anisson, & Joannis Posu_el, 1698; Io: Danielis Horstii Embser Bades Beschreibung. Germany?: s.n.], 1676; Horst, Johann Daniel, Johann Daniel Major, and Johann Tacke. Judicium de chirurgia infusoria Jo. Danielis Majoris. [Frankfurt am Main]: Apud Georg Fickwirt, 1665; Physica Hippocratea, Tackenii, Helmontii, Cartesii, Espagnet, Boylei, &c. aliorumque recentiorum commentis illustrata. Francofurti: Sumptibus Friderici Knochii, typis Johann. Andreae, 1682; etc.",,,1616,,1685,,46709,Johann Eissert,Johann,Eissert,"Eissert, Johann",,,,Jesuit (S.J.),,,jesuit,clergy,Catholic,male,latin:3 ,,,,,,,,,47025,Johann Elichmann,Johann,Elichmann,"Elichmann, Johann",,,,physician,"languages,orientalism,medicine","languages,natural philosophy",physician,professional,Protestant,male,latin:2,Yes,,,,,,, arabist,http://www.deutsche-biographie.de/sfz13012.html47308,Johann Ernst Rautenstein,Johann Ernst,Rautenstein,"Rautenstein, Johann Ernst",,,Chancellor of Sulzbach,Chancellor of Sulzbach,,,chancellor,secular_official,Catholic convert,male,latin:2,Yes,"Lob-Gedicht Dem ... Herrn Anton Gu_ntern, Grafen zu Oldenburg, Emden 1654.",,,,,,,47359,Johann Ernst Scheffer,Johann Ernst,Scheffer,"Scheffer, Johann Ernst",,,,,,,,,,male,latin:1,,,,,,,,,46931,Johannes Bollius,Johannes,Bollius,"Bollius, Johannes",,,,,,,,,,male,latin:1,,,,,,,,Dutch protestant?,46983,Johannes Ciermans,Johannes,Ciermans,"Ciermans, Johannes",,,,Jesuit (S.J.),,,jesuit,clergy,Catholic,male,latin:2,Yes,Disciplinæ mathematicæ traditæ anno institutæ Societatis Jesu seculari. 1640.,,,,,,,47018,Johannes Drukenbrot,Johannes,Drukenbrot,"Drukenbrot, Johannes",,,,Jesuit (S.J.),,,jesuit,clergy,Catholic,male,latin:1,,,,,,,,,47064,Johannes Gerwick,Johannes,Gerwick,"Gerwick, Johannes",,,,,,,,,,male,latin:2;italian:1,,,,,,,,,46748,Johannes Grueber,Johannes,Grueber,"Grueber, Johannes",57409250,,,Jesuit (S.J.),"travel,exploration",travel/exploration,jesuit,clergy,Catholic ,male,latin:14,Yes,Als Kundschafter des Papstes nach China: 1656 - 1664 ; d. 1. Durchquerung Tibets. (Kircher used in China Illustrata),,Würzburg,1623,"Vienna, Austria",1680,"missionary in China, 1656-1664.",47582,Johannes Hassbaski,Johannes,Hassbaski,"Hassbaski, Johannes",,,,,,,,,,male,latin:2,,,,,,,,,"name unreadable, Archdeacon of Gnesen"47476,Johannes Wirtlin,Johannes,Wirtlin,"Wirtlin, Johannes",,,,,,,priest,clergy,Catholic,male,latin:1,,,,,,,,,47152,Johann Ferdinand Körning,Johann Ferdinand,Körning,"Körning, Johann Ferdinand",84253114,,,Jesuit (S.J.),travel/exploration,travel/exploration,jesuit,clergy,Catholic convert,male,latin:2,Yes,"Not printed but circulated: Relatio tentatae missionis Lappicae anno 1659 et 1660 a Joane Ferdinando Körning, sacerdote natione Ostro-Gotho, patria Norcopensi, National Library Prague, F V 337.",,"Norrköping, Sweden",1626,"Cheb, Czech Republic",1687,,47148,Johann Franz von Kollowrath,Johann Franz von,Kollowrath,"Kollowrath, Johann Franz von",,,,count,,,count,titled_nobility,Catholic,male,latin:3;italian:2,,,,,1650,,1723,,47081,Johann Friedrich Gronow (Gronovius),Johann Friedrich,Gronow (Gronovius),"Gronow (Gronovius), Johann Friedrich",,,,Professor of History,history,history/classical scholarship,professor,professional,Protestant,male,latin:1,,,,"Hamburg, Germany",1611-9-8,"Leiden, The Netherlands",1671-12-28,I assume protestant,47310,Johann Friedrich Reinhardt,Johann Friedrich,Reinhardt,"Reinhardt, Johann Friedrich",52044808,,,"statesman, traveler, author, archivist","travel/exploration,political theory","travel/exploration,other","statesman,archivist",secular_official,Protestant,male,latin:1,Yes,"commentary to Politics from Lipsius, 1702. Theatrum prudentiae elegantioris.",,,1648,,1721,I assume protestant. What kind of statesman?,47506,Johann Friedrich von Wallenstein,Johann Friedrich von,Wallenstein,"Wallenstein, Johann Friedrich von",,,,"count,bishop,Archbishop of Prague",,,"count,bishop,archbishop","clergy,church_official,titled_nobility",Catholic,male,latin:42,,,,,1642,,1694,,47050,Johann Gans,Johann,Gans,"Gans, Johann",45246962,,confessor to Ferdinand III,"Jesuit (S.J.),confessor to Ferdinand III",,,"jesuit,confessor",clergy,Catholic,male,latin:23,Yes,"Corallorum historia, qua mirabilis eorum ortus, locus natalis, varia genera, praeparationes chymicae quamplurimae, viresque eximiae proponuntur. Francofurti: Sumptibus Lucae Jennisii, 1630; Arboretum genealogicum annotationibus in arbores singulas illustratum: exhibens omnes fere imperii principes et Europæ hodie reges linea recta descendentes a Rudolpho I. Imperatore. Coloniæ Agrippinæ: Apud Ioannem Kinchium, 1638; O_sterreichisches Frawen-Zimer. Das ist, Das Leben aller gebornen Ertzhertzogin von O_sterreich, von Zeiten Rvdolphi Primi Dieses Ertzhaus Erhebers, bis auff diese vnsere Zeiten: das ist das Leben aller gebornen Ertzhertzogin. von O_sterreich, von Zeiten Rudolphi I., dieses Ertzhaus Erhebers, bis auff diese unsere Zeiten. Co_ln: Grevenbruch, 1638. ",,,1591,,1662,,46874,Johann Georg Anckel,Johann Georg,Anckel,"Anckel, Johann Georg",,,,agent (commercial),,,"book agent,librarian",professional,Protestant,male,german:1,,,,,1611-1-28,,1687-1-28,book agent for Duke August,47157,Johann Georg Kuler,Johann Georg,Kuler,"Kuler, Johann Georg",,,,Jesuit (S.J.),,,jesuit,clergy,Catholic,male,greek:2,,,,,,,,,letter in greek47082,Johann Grothaus,Johann,Grothaus,"Grothaus, Johann",,,,Jesuit (S.J.),,,jesuit,clergy,Catholic,male,latin:4,,,,,,,,,47077,Johann Hartmann Gramann,Johann Hartmann,Gramann,"Gramann, Johann Hartmann",,,,"physician to the Grand Duke of Muscovy,physician",medicine,natural philosophy,physician,professional,,male,latin:1,Yes,"Friderici, Johann Arnold, and Johann Hartmann Gramann. ... Dissertationem Inauguralem De Phthisi. Jenae: Nisius, 1667; Friderici, Johann Arnold, Johannes Arnoldus Friderici, Johannes Hartmannus Graman, Johann Hartmann Gramann, and Johann Theodor Schenck. Consentiente. Et. Suffragante. Illustri. Facultate. Medica. Praeside. ... Johanne. Arnoldo. Friderici. ... Dissertationem. Inauguralem. De. Phthisi. Pro. Licentia. Summos. In Arte. Medica. Honores. Et. Privilegia. Doctoralia. Legitime. Consequendi. Publicae. Luci. Sistens. ... Disquisitioni. Submittit. Johannes. Hartmannus. Graman. Moscoviensis. ...: Ad. Diem. Iunii. A.R.S. M.DC.LXVII. Ienae: Nisius, 1667. ",,,,,,,47104,Johann Heim,Johann,Heim,"Heim, Johann",,,,Jesuit (S.J.),,,jesuit,clergy,Catholic,male,latin:1,,,,,,,,"Is this Johann Ludwig Heim? If so, he is a published author.",47329,Johann Heinrich Ruegh,Johann Heinrich,Ruegh,"Ruegh, Johann Heinrich",,,,,,,,,,male,latin:1,,,,,,,,,46712,Johann Heinrich von Kielmannseck,Johann Heinrich von,Kielmannseck,"Kielmannseck, Johann Heinrich von",47556919,,Hans Heinrich Kielmann von Kielmannsegg,,,,privy counsellor at the court in Gottorf and later counsellor to the Emperor,titled_nobility,Catholic,male,latin:1,,,,,1636-9-26,,1686,titled nobility?,Catholic inferred from his letter.47105,Johann Hellwig,Johann,Hellwig,"Hellwig, Johann",25403127,,,"physician, author",medicine,natural philosophy,physician,professional,,male,latin:2,,,,"Nurenberg, Germany",1609,"Regensburg, Germany",1674,"Could this be Johann Otto von Hellwig (1654-98), author of alchemical books? If so, these are the publications: Hellwig, Johann Otto von, and Christoph von Hellwig. Johannis Ottonis, Libr. Baronis de Helvvig ... Arcana maiora, oder, Curio_se und nu_tzliche Beschreibung vieler wahrhaften physicalischen, medicinischen, chymischen, alchymischen, chyrugischen und oeconomischen Geheimnisse aus weltberu_hmter Leute so wohl indianischen Braminen oder Weltweisen. Franckfurth: verlegts Michael Ka_yser, 1712; Johannis Ottonis Helbigii Thuringi Introitus in veram atque inauditam physicam epistola_ ex India Orientali in Europam ad ... Academiam Naturae Curiosorum transmissa apertus. [Hamburg]: Prostat Hamburgi apud Gothofredum Schultze, 1680. ",47112,Johann Hermanns,Johann,Hermanns,"Hermanns, Johann",,,,Jesuit (S.J.),,,jesuit,clergy,Catholic,male,latin:1,,,,,,,,Is this Johann Christian Hermanns or Johann Gottfried Hermanns?,47114,Johann Hevelius,Johann,Hevelius,"Hevelius, Johann",73883445,,,"astronomer, mayor of Danzig",astronomy,natural philosophy,"mayor,astronomer",professional,Protestant,male,latin:7,Yes,"Hevelius, Johannes, Edmond Halley, and Johann Ernst von Schmieden. Johannes Hevelii Prodromus astronomiae, exhibens fundamenta, quae tam ad novum plane_ & correctiorem stellarum fixarum catalogum construendum, qua_m ad omnium planetarum tabulas corrigendas omnimode_ spectant; nec non novas & correctiores tabulas solares, aliasq_ue plurimas ad astronomiam pertinentes. Gedani: typis J.-Z. Stollii, 1690; etc.",,,1611-1-28,,1687-1-28,,47121,Johann Honigh,Johann,Honigh,"Honigh, Johann",,,,counsellor of town Middelburg,,,counsellor,professional,Protestant,male,french:1;latin:1,,,,,,,,,47445,Johann Jakob Walther,Johann Jakob,Walther,"Walther, Johann Jakob",22329147,,,musician,music,music,"violinist,composer,canon","professional,clergy",,male,latin:1;italian:1,Yes,"Hortulus chelicus, das ist Wohlgepflantzter violinischer Lust-Garten : darin allen kunst-begierigen musicalischen Liebhabern der Weeg zur Vollkommenheit durch curio_se Stu_ck und annehmliche varieta_t gebahnet : auch durch Beru_hrung zuweilen zwey, drey, vier Seithen auff der Violin die lieblichste Harmonie erwiesen wird, Mainz 1694.",,"Witterba, Germany",1650,"Mainz, Germany",1717-11-2,,http://en.wikipedia.org/wiki/Johann_Jakob_Walther47150,Johann König,Johann,König,"König, Johann",,,,Jesuit (S.J.),,,jesuit,clergy,Catholic,male,latin:1,,,,,,,,"There are two possible Johann Königs who published around the same time. Or are they one person? Check WorldCat. Also, are we sure he is a Jesuit?? There is a Johann Friedrich Konig who was a Lutheran theologian and lived 1619-64. Perhaps this is just a common name and there were many with this name. ",47450,Johann Konrad Wechtler,Johann Konrad,Wechtler,"Wechtler, Johann Konrad",,,,physician,medicine,natural philosophy,physician,professional,Catholic,male,latin:3,Yes,"De statu animae separatae, Francofurti 1659.",,,,,,,47037,Johann Matthäus Faber,Johann Matthäus,Faber,"Faber, Johann Matthäus",,,,Physician at Heilbronn,,,physician,professional,Protestant,male,latin:1,,,,"Altomünster, Germany",1586-2-24,"Tirnau, Slovak Republic",1653-4-26,,Member of Academia naturae curiosorum46839,Johann Maximilian Lamberg,Johann Maximilian,Lamberg,"Lamberg, Johann Maximilian",,,,"count, diplomat",,,"count,diplomat","titled_nobility,secular_official",Catholic,male,latin:10;italian:2,,,,,,,,,47229,Johann Misch,Johann,Misch,"Misch, Johann",,,,Jesuit (S.J.),,,jesuit,clergy,Catholic,male,latin:2,,,,,,,,,47250,Johann Nadasi,Johann,Nadasi,"Nadasi, Johann",,,,Jesuit (S.J.),,history/classical scholarship,jesuit,clergy,Catholic,male,latin:1,Yes,"Annus Hebdomadarvm coelestium, sive, Pragae 1663. Reges Hungariae a Stephano usque Ferdinandum III.",,"Trnava, Slovak Republic",1614,,1688,,47556,Johann Philipp Schönborn,Johann Philipp,Schönborn,"Schönborn, Johann Philipp",39514709,,Elector of Mainz,Archbishop Elector of Mainz,,religious/morality,"elector,archbishop","church_official,titled_nobility,clergy",Catholic,male,,Yes,"Die Psalmen Des Koniglichen Propheten Davids, Mainz 1658.Catholische Sonn- vnd Feyerta_gliche Evangelia, vnd darauß gezogene Lehrstu_ck : Sambt etlichen, zu der Christlichen Lehr vnd Lob Gottes geho_rigen, am end beygesetzten, Gesa_ngen, Wurzburg 1653",,"Laubuseschbach, Germany",1605-8-6,"Würzburg, Germany",1673-2-12,,47322,Johann Rhodius (Rode),Johann,Rhodius (Rode),"Rhodius (Rode), Johann",,,,Piarist (O.S.P.),,,piarist,clergy,Catholic,male,latin:25;italian:1,Yes,,,,,,,,46796,Johann Schega,Johann,Schega,"Schega, Johann",,,,"Jesuit (S.J.),Confessor to prince Leopold of Austria (later ",,,"jesuit,confessor",clergy,Catholic,male,latin:25,,,,"Ljublanja, Slovenia",1595,"Vienna, Austria",1664,confessor to archduke Leopold Wilhelm,47368,Johann Schücking,Johann,Schücking,"Schücking, Johann",,,,Jesuit (S.J.),,,jesuit,clergy,Catholic,male,latin:2,Yes,"Summa disputationum de Bibliorum SS. textus hebraei ac lat. authentia et corruptela, colonie 1649.",,,,,,,47406,Johann Storheber,Johann,Storheber,"Storheber, Johann",,,,Jesuit (S.J.),,,jesuit,clergy,Catholic,male,latin:1,,,,,,,,,47415,Johann Tilemann,Johann,Tilemann,"Tilemann, Johann",,,,author,"theology,natural philosophy ","religious/morality,natural philosophy",,,Protestant,male,latin:7;greek:1,Yes,"Kurtze Beschreibung der Sauerbronnen zu Wildungen, Marpurg 1639.Observationes medicinales, Marburg 1639. Appendix, De Materia Medica : Ad aphorismos therapeuticos, Marburg 1650.",,,,,,,47435,Johann Vesling,Johann,Vesling,"Vesling, Johann",15545310,,,"professor of anatomy and pharmacy,anatomist","anatomy,pharmacy",natural philosophy,professor,professional,Catholic,male,latin:4,Yes,"De plantis Aegyptiae Observationes, Patavium 1638. Ioannis Veslingii ... Syntagma anatomicvm, locis plurimis auctum, emendatum, neu isque iconibus diligenter exornatum.",,,1598,,1649-8-30,,46834,Johann Weickard von Auersperg,Johann Weickard von,Auersperg,"Auersperg, Johann Weickard von",,,prince,prince,,,"prince,minister","titled_nobility,secular_official",Catholic convert,male,latin:6,,,,,,,,"See Vehse, Memoirs of the court and aristocracy of Austria, Volume 1--verify he was a convert? ",47117,Johann Wolfgang Hoeckner,Johann Wolfgang,Hoeckner,"Hoeckner, Johann Wolfgang",,,,"Jurist, City Councilor (Regensburg)",,,"jurist,councillor",secular_official,,male,latin:1,Yes,"Meyerhoffer, Georg Christoff, Johann Wolfgang Ho_ckhner, Esaias Feischel, and Anna Margaretha Feischel. Als Die Edle ... Fraw Anna Margaretha Feischlin, gebohrne Go_tzin, Deß ... Herrn Esaiae Feischel, Beyder Rechten wu_rdigen Doctorandi, Hertzgeliebte Haußfraw Den 16. Augusti 1673. lauffenden Jahrs ... entschlaffen, den folgenden 19. gedachten Monaths zur Erden besta_ttiget, Haben ihr Christlich Mittleiden bezeugen wollen Etliche gute Freund und Landsleuth. Straßburg: Welper, 1673.",,,,,,,47014,John Dodington,John,Dodington,"Dodington, John",,"secretary to Turloe, secretary of state to Oliver Cromwell",,,,,secretary,secular_official,Protestant,male,italian:7;latin:4,,,,,,,,I guess protestant,47305,John Price,John,Price,"Price, John",,,,keeper of coins at Medici court,antiquarianism,history/classical scholarship,classicist,secular_official,Catholic,male,latin:1,Yes,notes to Methamorphoses or Apuleius,,,1602,Rome,1676,,47315,John Reyner,John,Reyner,"Reyner, John",,,Johannes Reyneri filius Cools,Historiographer of the Peace of Münster,,history/classical scholarship,,,,male,latin:3;persian:1,,,,,,,,,46822,Joseph Marie Suáres,Joseph Marie,Suáres,"Suáres, Joseph Marie",,,Bishop of Vaison (France),Bishop of Vaison (France),"antiquarianism,classical scholarship",history/classical scholarship,bishop,"clergy,church_official",Catholic,male,latin:3,Yes,"De numismatis & nummis antiquis dissertatio, 1683.",,,,,,,47361,Joseph Theodor Schenck,Joseph Theodor,Schenck,"Schenck, Joseph Theodor",,,Johann,"professor of medicine at the University of Jena,physician",medicine,natural philosophy,"physician,professor",professional,Protestant,male,latin:2,,,,,1619,,1671,,47036,Joseph Wilhelm Faber,Joseph Wilhelm,Faber,"Faber, Joseph Wilhelm",,,,Jesuit (S.J.),,,"jesuit,preacher",clergy,Catholic,male,latin:2,,,,,,,,,47468,José Zaragoza,José,Zaragoza,"Zaragoza, José",,,mathematician to the King of Spain,"mathematician to the King of Spain,Jesuit (S.J.)",mathematics,natural philosophy,jesuit,clergy,Catholic,male,latin:1,Yes,"Geometria especvlativa, y pratica de los planos, y solidos, 1671.",,,,,,,46702,Juan Caramuel Lobkowic,Juan,Caramuel Lobkowic,"Caramuel Lobkowic, Juan",,,abbot,"Cistercian (O. Cist.),Bishop of Kempten,Benedictine (O.S.B.)","theology,mathematics,languages,orientalism,astronomy,poetry,architecture","poetry,natural philosophy,history/classical scholarship,languages,religious/morality,other","abbot,benedictine,bishop,cistercian","clergy,church_official,titled_nobility",Catholic,male,latin:17;kircher's_universal_language:2;spanish:1;italian:2;german:1;czech:1;french:1;arabic:1;hebrew:1,Yes,"Theologia moralis, fundamentalis, praeterintentionalis, decalogica, sacramentalis, canonica, regularis, civilis, militaris, 1652; Philippvs Prvdens Caroli v. imp. filivs, Lvsitaniæ, Algarbiæ, Indiæ, Brasiliæ legitimvs rex demonstratvs, 1639; Praecursor logicus complectens grammaticam audacem: reimpresio_n de la edicio_n Frankfurt, 1654; _Al ha-ate_izm shel ha-rabanim, 2005; Syntagma de arte typographica, 2004. ",,,,,,,46996,Juan Correa,Juan,Correa,"Correa, Juan",,,,Franciscan (O.F.M.),,,franciscan,clergy,Catholic,male,italian:1,,,,,,,,Is he a Mexican painter?,46965,Juan de Castellas,Juan de,Castellas,"Castellas, Juan de",,,,,,,,,,male,spanish:1,,,,,,,,,46988,Juan Ramón de Coninck,Juan Ramón de,Coninck,"Coninck, Juan Ramón de",,,,Jesuit (S.J.),,,jesuit,clergy,Catholic,male,latin:2,,,,,,,,,46862,Karl Gottlieb von Aichpichl,Karl Gottlieb von,Aichpichl,"Aichpichl, Karl Gottlieb von",,,"Aichpüchl, Aichpüchler, Aichbüchel, Aichbühl",,,,privy counsellor,titled_nobility,Catholic,male,latin:1,,,,,,,,,46851,Karl Ignaz von Sternberg,Karl Ignaz  von,Sternberg,"Sternberg, Karl Ignaz  von",,,Baron,Baron,,,baron,titled_nobility,Catholic,male,latin:1,,,,,,,1700,It is Karl Ignaz vonSternberg,46703,Karl Kaspar von der Leyen,Karl Kaspar von der,Leyen,"Leyen, Karl Kaspar von der",42186416,,Elector of Trier,Elector of Trier,,,"elector,archbishop","church_official,titled_nobility,clergy",Catholic,male,latin:1 ,,,,,1618-12-18,,1676-06-01,,47332,Karl Saffyr,Karl,Saffyr,"Saffyr, Karl",,,,,,,,,,male,latin:1,,,,,,,,,47384,Karl Sinich (Sing),Karl,Sinich (Sing),"Sinich (Sing), Karl",,,,Jesuit (S.J.),,,jesuit,clergy,Catholic,male,latin:4,,,,,,,,,47386,Karl Soll,Karl,Soll,"Soll, Karl",,,,Jesuit (S.J.),,,jesuit,clergy,Catholic,male,latin:2,,,,,,,,,47425,Karl Ultsch,Karl,Ultsch,"Ultsch, Karl",,,,Jesuit (S.J.),,,jesuit,clergy,Catholic,male,latin:1,,,,,,,,,47142,Kaspar Keller,Kaspar,Keller,"Keller, Kaspar",,,,Benedictine (O.S.B.),,,benedictine,clergy,Catholic,male,latin:1,,,,,,,,,47366,Kaspar Schott,Kaspar,Schott,"Schott, Kaspar",,,disciple of Athanasius Kircher,"natural philosopher,mathematician,Jesuit (S.J.),disciple of ","mathematics,natural philosophy",natural philosophy,jesuit,clergy,Catholic,male,"latin, italian:2;italian:8;latin:18",Yes,"Mechanica Hydraulico-Pnevmatica, Francofurti 1657.",,,,,,,47376,Kaspar Sevenstern,Kaspar,Sevenstern,"Sevenstern, Kaspar",,,,Jesuit (S.J.),,,jesuit,clergy,Catholic,male,latin:2,Yes,"Freundtliche Einladung Auff die Wohlgerathene, Koln 1671. Eyteler Sturm- vnd Wirbel-Windt, Koln 1668. Gegengespra_ch u_ber die Frage: Warum wilt du nicht Ro_misch Katholisch werden wie deine Vorfahren gewesen?, Hanover 1669.",,,,,,,47125,Kilian Hötting,Kilian,Hötting,"Hötting, Kilian",,,,,,,prior,"clergy,church_official",Catholic,male,latin:1,,,,,,,,,"unreadable, different name"47542,King of the Romans Ferdinand IV,King of the Romans,Ferdinand IV,"Ferdinand IV, King of the Romans",,,King of the Romans,,,,king,titled_nobility,Catholic,male,,,,,"Vienna, Austria",1633-9-8,"Vienna, Austria",1654-7-0,,46918,Lambert Bidloo,Lambert,Bidloo,"Bidloo, Lambert",,,,"apothecary, botanist",botany,natural philosophy,apothecary,professional,Mennonite,male,latin:1,Yes,"Panpoe_ticon Batavu_m,: kabinet, waar in de afbeeldingen van voornaame Nederlandsche dichteren, versameld, en konstig geschilderdt door Arnoud van Halen, en onder uytbreyding, en aanmerkingen, over de hollandsche rym-konst, geopendt. Te Amsterdam: By Andries van Damme, boekverkooper bezuyden de Beurs, 1720; Mennoos kerck, in, en uyt Babel, ofte Den aenvang, voortgang, en redderinge van de verwarringen der Vlaemsche Doops-gesinden ... vergeleken met de tseventigh-jarige gevangenisse, en herstellinge der Israe_lieten. t'Amsterdam: voor Samuel Imbrechts, 1665; Lamb. Bidloo Dissertatio de re herbaria. 1683.",,,,,,,46820,Landgrave of Hesse-Darmstadt Friedrich,Landgrave of Hesse-Darmstadt,Friedrich,"Friedrich, Landgrave of Hesse-Darmstadt",,,Cardinal,Cardinal,,,cardinal,"clergy,church_official",Catholic convert,male,italian:17;german:1;latin:1,,,,,,,,,46845,Lazarus von Henckel,Lazarus von,Henckel,"Henckel, Lazarus von",,,,"Baron, Count",,,"baron,count",titled_nobility,Catholic,male,german:3,,,,,,,,,47421,Lelio da Treviso,Lelio da,Treviso,"Treviso, Lelio da",,,,Servite (O.S.M.),,,servite,clergy,Catholic,male,italian:1,,,,,,,,,47106,Leonard Helm,Leonard,Helm,"Helm, Leonard",,,,Provincial of Franciscan order in Saxony,,,franciscan,"clergy,church_official",Catholic,male,latin:1,,,,,,,,,47489,Leonard Marius,Leonard,Marius,"Marius, Leonard",,,,"priest, author",,,priest,clergy,Catholic,male,latin:1,,,,,,,,what kind of author?,52871,Leone Allacci (Leo Allatius),Leone,Allacci,"Allacci, Leone",56655251,,,"theologian, librarian",theology,religious/morality,"librarian, physician",professional,Catholic convert,male,,Yes,"De Templis Graecorvm Recentioribvs , Ad Ioannem Morinum, De Narthece Ecclesiae Veteris, Ad Gasparem de Simeonibus, Nec Non De Graecorvm Hodie Qvorvndam Opinationibvs , Ad Paullum Zacchiam. Eustathii archiepiscopi Antiocheni Commentarius in Hexaemeron: ac de Engastrimytho dissertatio adversus Origenem : Item Origenis de eadem Engastrimytho, Lugduni Batavorum 1629. De Erroribus magnorum virorum in dicendo dissertatio rhetorica, rome 1635. Orationes duae, Aiax et Ulysses, Paris 1637.",,"Chios, Greece",1586,"Rome, Italy",1669-1-19,this is Leo Allatius,47342,Leone Santi,Leone,Santi,"Santi, Leone",,,,"Prefect of studies in the Collegio Romano,Jesuit (S.J.)",,,"jesuit,prefect","clergy,church_official",Catholic,male,italian:1,Yes,"Floridorum opuscula varia, 1636.",,,,,,,47093,Leonhard Hahn,Leonhard,Hahn,"Hahn, Leonhard",,,,"Guardian of Andreas Kircher,Capuchin (O.F.M. Cap.)",,,"capuchin,guardian",clergy,Catholic,male,latin:1,,,,,,,,,47196,Leopold Mancinus,Leopold,Mancinus,"Mancinus, Leopold",67408894,,,"Jesuit (S.J.),confessor to the Elector of Bavaria",,,"confessor,jesuit",clergy,Catholic,male,latin:2,Yes,"Deus misericos per psalterium decachordum, seu, Decem divinae miserationis demonstrationes, Monacii 1692.",,,1605,,1673,,46744,Leopoldo de' Medici,Leopoldo de',Medici,"Medici, Leopoldo de'",,,Prince of Tuscany,"Prince of Tuscany,Cardinal",,,"prince,cardinal","clergy,church_official,titled_nobility",Catholic,male,italian:13,,,,,,,,"Founder/patron of Accademia del Cimento (1657), member of Accademia della Crusca",46728,Leopold von Kollonich (Kollonitz),Leopold von,Kollonich (Kollonitz),"Kollonich (Kollonitz), Leopold von",,,Cardinal,"count,Cardinal",,,"count,cardinal","clergy,church_official,titled_nobility",Catholic,male,latin:3;italian:2,,,,,,,,,47234,Levin Claus Moltke,Levin Claus,Moltke,"Moltke, Levin Claus",,,"Molthe, Nicolaus",councillor at Holstein-Gottorf court,,,councillor ,professional,,male,latin:3,Yes,,,,,,1663,councillor at Holstein-Gottorf court,46993,Lodewijk Cools van Tetrode,Lodewijk,Cools van Tetrode,"Cools van Tetrode, Lodewijk",,,,,,,,,,male,latin:1,,,,,,,,,47026,Lodewijk Elsevier,Lodewijk,Elsevier,"Elsevier, Lodewijk",,,,printer,,,printer,professional,Protestant,male,french:1,,,,,,,,,46802,Lodewijk Kras (Crasius),Lodewijk,Kras (Crasius),"Kras (Crasius), Lodewijk",,,"Louis Crasius, Ludovicus Crasius","Rector of the College of Bratislava,Jesuit (S.J.)",,,jesuit,clergy,Catholic,male,latin:1,Yes,,,"Gravelines, France",1597,"Prague, Czech Republic",1677,,47215,Lorenz Mattenkloth,Lorenz,Mattenkloth,"Mattenkloth, Lorenz",,,,Jesuit (S.J.),,,jesuit,clergy,Catholic,male,latin:1,,,,,,,,,47201,Lorenzo di Marciano,Lorenzo di,Marciano,"Marciano, Lorenzo di",,,,,,,,,,male,italian:1,,,,,,,,,47170,Lorenzo Legato,Lorenzo,Legato,"Legato, Lorenzo",,,,physician,medicine,natural philosophy,physician,professional,,male,latin:2,,,,,,,,,47188,Lorenzo Magalotti,Lorenzo,Magalotti,"Magalotti, Lorenzo",34478273,,,Jesuit (S.J.),"natural philosophy,poetry","natural philosophy,poetry","secretary,diplomat,jesuit","professional,clergy",Catholic,male,italian:1,Yes,"Saggi di naturali esperienze fatte nell'Accademia del cimento, Firenze 1667.",,,1637-10-24,"Florence, Italy",1712-3-2,"Secretary of Academia del cimento, philosopher, diplomat, poet",46942,Louis Brouzet,Louis,Brouzet,"Brouzet, Louis",,,,Jesuit (S.J.),,,jesuit,clergy,Catholic,male,,,,,,,,,,47367,Lucas d. J. Schroek,Lucas d. J.,Schroek,"Schroek, Lucas d. J.",,,,physician,medicine,natural philosophy,physician,professional,,male,latin:9,Yes,"Pharmacopoeia augustana renovata et aucta …, Augustae Vindelicorum 1684.",,,,,,,47120,Lucas Holstenius,Lucas,Holstenius,"Holstenius, Lucas",9870846,,,,"history,classical scholarship,antiquarianism",history/classical scholarship,librarian,professional,Catholic,male,latin:2,Yes,"Italia antiqua, 1624; Eusebius Against Hierocles, 1628; Sayings of the later Pythagoreans, 1638; De diis et mundo of the neo-Platonist Sallustius, 1638; Codex regularum monasticarum, 1661.",,"Hamburg, Germany",1596,,1661-2-2,,47638,Lucio Caracara,Lucio,Caracara,"Caracara, Lucio",,,,,,,,,,male,italian:1,,,,,,,,,different last name46921,Ludwig Bildstein,Ludwig,Bildstein,"Bildstein, Ludwig",,,,,,,canonicus,clergy,Catholic,male,latin:1,,,,,,,,,47621,Ludwig Hopff,Ludwig,Hopff,"Hopff, Ludwig",,,,notary,,,notary,secular_official,Catholic,male,"latin, hebrew:1",,,,,,,,,47302,Ludwig Pouch,Ludwig,Pouch,"Pouch, Ludwig",,,,,,,,,,male,latin:2,,,,,,,,,47203,Luigi Marracci,Luigi,Marracci,"Marracci, Luigi",61585369,,,"Jesuit (S.J.), confessor to Innocent XI",orientalism ,languages,jesuit,clergy,Catholic,male,latin:1,Yes,"Memorie di S. Maria in Portico di Roma dal giorno, nel quale apparue quella mirabile imagine nel palazzo di S. Galla Patritia Romana nel portico d' Ottavia ... fin' al tempo nel quale fu_ traportata nella sua nuova chiesa di Campitello …, Rome 1667. Prodromus ad refutationem Alcorani : in quo per quatuor praecipuas verae religionis notas Mahumetanae sectae falsitas ostenditur, Christianae religionis veritas comprobatur, Rome 1691. (with others) Prodromus ad refutationem Alcorani : in quo per quatuor praecipuas verae religionis notas Mahumetanae sectae falsitas ostenditur, Christianae religionis veritas comprobatur, Rome 1671.",,,1612,,1700,,52872,"Lukas, d.A. Schroek","Lukas, d.A.",Schroek,"Schroek, Lukas, d.A.",,,,,medicine,natural philosophy,physician,professional,,male,,Yes,"Disputatio Medica De Viperae et Venenorum in genere omnium Natura, differentiis, Symptomatibus, horumque Curatione generica, Basileae 1640. Disputatio Physica De Temperamentis, Altdorf 1639.",,,,,,,47218,Lusitano de Mello,Lusitano de,Mello,"Mello, Lusitano de",,,,,,,,,,male,latin:1,,,,,,,,,different name?47375,Manfredo Settala,Manfredo,Settala,"Settala, Manfredo",9905826,,,"collector, canon of Milan",collecting,other,canon,clergy,Catholic,male,italian:6,Yes,"Musaeum Septalianum : Manfredi Septalae patritii Mediolanensis industrioso labore constructum; Pauli Mariae Terzagi ... geniali laconismo descriptum; politioris literaturae professoribus erudita humanitate adapertum, Dertonae 1664.",,,1600,,1680,,47047,Marcantonio Gaeotti,Marcantonio,Gaeotti,"Gaeotti, Marcantonio",,,different name,,,,,,,male,"latin,hebrew:1",,,,,,,,,47377,Marcaurelio Severino,Marcaurelio,Severino,"Severino, Marcaurelio",,,,physician,medicine,natural philosophy,physician,professional,Catholic,male,latin:2;italian:2,,,,,1580,,1656,,47610,Marc de Billy,Marc de,Billy,"Billy, Marc de",,,,Jesuit (S.J.),,,jesuit,clergy,Catholic,male,french:1,,,,,,,,,47520,Marcello di Santacroce,Marcello di,Santacroce,"Santacroce, Marcello di",,,Cardinal,Cardinal,,,cardinal,"church_official,clergy",Catholic,male,italian:2,,,,,,,,,47379,Marcello Severolo,Marcello,Severolo,"Severolo, Marcello",,,abbot,abbot,,,abbot,"clergy,church_official",Catholic,male,latin:1,,,,,,,,,46970,Marco Agapito Centurio,Marco Agapito,Centurio,"Centurio, Marco Agapito",,,,Jesuit (S.J.),,,jesuit,clergy,Catholic,male,latin:2,,,,,,,,,46909,Margrave of Baden Bernhard Gustav,Margrave of Baden,Bernhard Gustav,"Bernhard Gustav, Margrave of Baden",,,Margrave of Baden,"Margrave of Baden,Cardinal",,,"margrave,cardinal","clergy,church_official,titled_nobility",Catholic,male,latin:1,,,,,,,,,47321,Maria Antonia Riviera,Maria Antonia,Riviera,"Riviera, Maria Antonia",,,,,,,,,,female,italian:1,,,,,,,,,46869,Maria Eustachia von Althann,Maria Eustachia von,Althann,"Althann, Maria Eustachia von",,,,,,,duchess,titled_nobility,Catholic,female,german:6,,,,,,,,,47392,Mariano Sozzino,Mariano,Sozzino,"Sozzino, Mariano",,,,,,,,,,male,italian:1,,,,,,,,,47224,Marin Mersenne,Marin,Mersenne,"Mersenne, Marin",41843933,,,Minim (O.F.M. Minim.),"theology,natural philosophy,music,mathematics","religious/morality,natural philosophy,music",minim,clergy,Catholic,male,"latin,italian:1;latin:2",Yes,"Harmonie universelle, Paris 1636-7. Les Mécaniques de Galilée, Paris 1634.",,"Oizé, France",1588-9-8,"Paris, France",1648-9-1,,46914,Mario Bettini,Mario,Bettini,"Bettini, Mario",,,,Jesuit (S.J.),mathematics,natural philosophy,jesuit,clergy,Catholic,male,italian:5,Yes,"Ærarium philosophiæ mathematicæ: in quo elementa philosophiæ geometricæ de planis, curuis, & solidis figuris applicata et ornata : vsibus eximijs in omni scientiarum, & artium genere, nouis praxibus, paradoxis, licis Aristotelicis & aliorum philosophorum, & scriptorum ... & vniuersalissimis confirmata : methodo iucundiore ac breuiore in tres tomos distributa sunt : intercessere ingeniosæ inuentionis exodia horaria. Bononiæ: Typis Io. Baptistæ Ferronij, 1648; Apiaria vniversae philosophiae mathematicae, in quibus paradoxa, et noua pleraque machinamenta ad vsus eximios traducta, et facillimis demonstrationibus confirmata. Accessit ad finem-secvndi tomi Euclides applicatvs, et conditus ex Apiarijs, indicatis vsibus eximijs praecipuarum propositionum in prioribus sex libris Euclideorum Elementarum. Bononiae: typis I.B. Ferronij, 1642. ",,,,,,,46976,Marquis de Charleval,,Charleval,,,,"Jean-Louis Faucon, Chargerath",,,,,,,male,french:1,,,,,,,,,46912,Martin Bernitz,Martin,Bernitz,"Bernitz, Martin",,,Martin Bernahard von Bernitz,Director of the Royal Botanical Garden of Warsaw,"botany,medicine",natural philosophy,"physician,botanist","professional,titled_nobility",Catholic,male,latin:2,Yes,"Johann Schroeder, Pharmacopoea Schro_dero-Hoffmanniana Illustrata Et Aucta: Qua Composita Quaeque Celebriora, Hinc Mineralia, Vegetabilia & Animalia Chimico-Medice_ Describuntur, Atque Insuper Principia Physicae Hermetico-Hippocraticae Candide_ Exhibentur. Opus Selectissimorum Quorumque Tum Pharmacologorum & Chimiatrorum, Tum Celeberrimorum Inter Recentiores Practicorum, Tum Operum Variorum Miscellaneorum ... Ditatum. Coloniae: Sumptibus Iohannis Martini, 1683. (editor??)",,Poland,,,,,46915,Martin Bever,Martin,Beverin,"Beverin, Martin",,,,delegate of curia by the Westphalia Peace dealings,,,,clergy,Catholic,male,latin:1,,,,,,,,,47483,Martin Fogelius,Martin,Fogelius,"Fogelius, Martin",69687638,,"Vogel,Vogelius",professor of  logic and metaphysic at the Gymnasium in Hamburg but also physician,,natural philosophy,physician,professional,,male,latin:2,,,,,1634,,1675,what kind of professor?,http://books.google.cz/books?id=v-lXAAAAIAAJ&pg=PA97&dq=Martin+Fogel+Hamburg&hl=en&sa=X&ei=hmA-T739G9SGhQejhPnuBQ&redir_esc=y#v=onepage&q=Martin%20Fogel%20Hamburg&f=false47172,Martino Leitam,Martino,Leitam,"Leitam, Martino",,,,Jesuit (S.J.),,,jesuit,clergy,Catholic,male,italian:1,,,,,,,,,46814,Martino Martini (de Martinis),Martino,Martini (de Martinis),"Martini (de Martinis), Martino",,,,Jesuit (S.J.),"orientalism,history,travel,geography,astronomy,languages,chronology,theology,apology","travel/exploration,history/classical scholarship,natural philosophy,languages,religious/morality","jesuit,missionary",clergy,Catholic,male,latin:5;italian:1,Yes,"De Bello Tartarico Historia, 1654; Brevis Relatio de Numero et Qualitate Christianorum apud Sinas, 1654; Novus Atlas Sinensis, 1655; Sinicæ Historiæ Decas Prima, 1658; Regni Sinensis a Tartaris devastati enarratio, 1661; De Amicitia, 1661; Grammatica Sinica. See http://ricci.rt.usfca.edu/biography/view.aspx?biographyID=817",,"Trent, Italy",1614-09-20,"Hangzhou, China",1661-06-06,studied astronomy and mathematics under Kircher; defender of Chinese Rites; worked with Jacobus Golius in Leyden,47343,Martino Santini,Martino,Santini,"Santini, Martino",,,,Jesuit (S.J.),,,jesuit,clergy,Catholic,male,latin:2,,,,"Trento, Italy",1575,Prague,1655,described as a good chymist,47277,Martin Palkowich,Martin,Palkowich,"Palkowich, Martin",,,,Jesuit (S.J.),,,jesuit,clergy,Catholic,male,latin:1,,,,,,,,,47389,Martin Sonderegher,Martin,Sonderegher,"Sonderegher, Martin",,,,Jesuit (S.J.),,,jesuit,clergy,Catholic,male,latin:2,,,,,,,,,47371,Matteo Sebastiani,Matteo,Sebastiani,"Sebastiani, Matteo",,,,Jesuit (S.J.),,,jesuit,clergy,Catholic,male,latin:1,,,,,,,,,47411,Matteo Taverna,Matteo,Taverna,"Taverna, Matteo",,,,Jesuit (S.J.),,,jesuit,clergy,Catholic,male,italian:3,Yes,"La durevolezza delle felicita_ presagita nella coronazione del serenissimo Cesare Durazzo Duce della serenissima repubblica di Genova. Orazione... a_ 6 decembre 1666, Milano 1667.",,,,,,,47407,Matthaeus Storr,Matthaeus,Storr,"Storr, Matthaeus",,,,Jesuit (S.J.),,,jesuit,clergy,Catholic,male,latin:2,,,,,1611,,1678,,47420,Matthias Abdias Treu,Matthias Abdias,Treu,"Treu, Matthias Abdias",,,Trew,,"theology,mathematics,astronomy","religious/morality,natural philosophy",,professional,Protestant,male,german:1,Yes,"Disputatio physico-astronomica de immobilitate terræ : contra Copernicum & hodiernos magnæ alias authoritatis astronomos, Altdorfi 1636. Examen Theologico-Philosophicum Hypersophiæ Antibiblicæ : Eorvm, Qui I. Negant Aquas Supercœlestes Mosaicas, ut, ante hodiernos quoasdam Philosophos, fecit & propugnare studuit Matthias Flacius. II. Diluvium universale particulare faciunt, ut facit Isaacus Vossius. III. Motum Solis & reliquorum fiderum terræ tribunt, ut post Copernicum plerique faciunt hodiernorum Astronomorum, Norimberg 1667.",,"Ansbach, Germany",1597-7-29,"Altdorf, Germany",1669-4-12,,46987,Matthieu Compain,Matthieu,Compain,"Compain, Matthieu",,,,Jesuit (S.J.),,,jesuit,clergy,Catholic,male,latin:1;french:1,,,,,,,,,46816,Mattias de' Medici,Mattias de',Medici,"Medici, Mattias de'",,,prince,prince,,,prince,titled_nobility,Catholic,male,italian:1,,,,,,,,,47127,Maximilian Benedikt von Hrzan,Maximilian Benedikt von,Hrzan,"Hrzan, Maximilian Benedikt von",,,,,,,count,titled_nobility,Catholic,male,latin:1,,,,,,,,"name uncertain, but the family was catholic",46734,Maximilian Guidobald von Martinitz,Maximilian Guidobald von,Martinitz,"Martinitz, Maximilian Guidobald von",,,Marcus Martinitz,,,,hofmeister,"titled_nobility,secular_official",Catholic,male,latin:1,,,,,,,1677,Letters from this person come from years 1660-1667-which means it is not Maximilian Guidobald Martinitz but Maximilian Valentin Martinitz.  Hofmeister of Bohemian kingdom,47096,Melchior Balthasar Hanel,Melchior Balthasar,Hanel,"Hanel, Melchior Balthasar",,,,Jesuit (S.J.),,,jesuit,clergy,Catholic,male,latin:1,,,,,,,,,46995,Melchior Cornaeus,Melchior,Cornaeus,"Cornaeus, Melchior",,,,Jesuit (S.J.),apology,other,jesuit,clergy,Catholic,male,latin:4,Yes,"Curriculum philosophiae peripateticae uti noc tempore in scholis decurri solet. Herbipoli [Wu_rzburg, Germany]: Sumptibus & typis Eliae Michaelis Zinck, 1657; Anima Separata Monopisti Sive Disputatio Pitzliputzlii cum anima Monopisti Acatholici. Herbipoli: Bencardus, 1658; Protestatio Fidei Catholicae Bambergica Marcelliana Vindicata Et Fumivendulus Ro_mhildensis, Joann-Christophorus Seldivs Praedicans: Una_ cum falsitatibus, calumniis, asyllogistiis, quas eidem professioni frivole_ opposuerat, explosus. Herbipoli: Zinck, 1653; Scriptum est: esse purgatorium, scriptum non est: non esse purgatorium. [Wu_rzburg]: Hertz, 1660; Murus papyraceus purgatorii contra Lutheristas praesertim Erfurtitas Aheneus. Herbipolis: Hertz, 1660; Aristoteles redivivus, Romano-Catholicus. Herbipoli: Zinck, 1652; Sive primatus Papae, ex primis V. Christianitatis saeculis demonstratus. Aristoteles Redivivus / Melch. Cornaeus, Ps. 3. 1660; etc. ",,,,,,"based on his publications, what would his expertise/interests be?",47130,Melchior Inchofer,Melchior,Inchofer,"Inchofer, Melchior",,,,Jesuit (S.J.),"theology,astronomy,apology,church history","religious/morality,natural philosophy,other",jesuit,clergy,Catholic,male,latin:3,Yes,"Melchioris Inchofer Tractvs syllepticvs in qvo qvid de terrae, solisq. motv, vel statione, secondum S. Scripturam, & sanctos patres sentiendum, quaue_ certitudine alterutra sententia tenenda sit, breuiter ostenditur. Romæ: Excudebat Ludouicus Grignanus, 1633; Scotti, Giulio Clemente, Melchior Inchofer, and Lucius Cornelius Europaeus. La monarchie des solipses. Amsterdam: Herman Uytwerf, 1722; Historiae sacrae latinitatis libri IV: lectiunculis exquisitis, jucundisque narrationibus animum relaxantes. Monachii: Apud Melchiorem Segen, 1638; Epistolae Beatae Mariae Virginis ad Messanenses veritatis vindicata, 1629; Annales ecclesiastici regni Hungariae, 1644.",,"K_szeg, Hungary",1584,"Milan, Italy",1648,"Took part in evaluation of Galileo's Dialogue of the Two World Systems during 1633 trial, finding that Galileo was a Copernican.",52862,Melchior Otto,Melchior,Otto,"Otto, Melchior",,,,Prince Bishop of Bamberg,,,prince bishop,"clergy,church_official,secular_official",Catholic,male,,Yes,"Panegyricvs Academiae Novae Bambergensis Reverendissimo, Et Jllvstrissimo Principi, Ac Domino, D. Melchiori Ottoni Imperialis Ecclesiae Bambergensis Episcopo S.R.I. Principi Fvndatori Mvnificentissimo, Bamberg 1649.",,,1603-0-0,,1653-0-0,Is this Melchior Otto Voit von Salzburg?,47460,Melchior Wiegand,Melchior,Wiegand,"Wiegand, Melchior",,,,,,,,,,male,,,,,,,,,,"not in Luna, delete?"47092,Michael Anton Hach,Michael Anton,Hach,"Hach, Michael Anton",,,abbot,abbot,,,abbot,"clergy,church_official",Catholic,male,latin:2,,,,,,,,,47108,Michael Hennawer,Michael,Hennawer,"Hennawer, Michael",,,,Jesuit (S.J.),,,jesuit,clergy,Catholic,male,latin:1,,,,,,,,,47365,Michael Schorn,Michael,Schorn,"Schorn, Michael",,,,,,,,,,male,german:3,,,,,,,,different name,47400,Michael Staudacher,Michael,Staudacher,"Staudacher, Michael",,,,Jesuit (S.J.),,,jesuit,clergy,Catholic,male,latin:2,Yes,"Centvm affectvs amoris divini, Dilingae 1647.Genovefa, das ist: wunderliches Leben und denckwu_rdige Geschichten der H. Genovefa, geborner Hertzogin auß Brabant, usw. : mit eingebrachten sittlichen Lehren und Ermahnungs-Predigten, ein recht christlich und tugendsames Leben anzustellen, Dilingen 1648. Geistliche und Sittliche Redverfassungen ... Wie auch Mu_ndlich vorgetragen, anjetzo aber in offenen Drukt dargestellet, Insbruck 1656.",,,,,,,47566,Michelangelo Conti,Michelangelo,Conti,"Conti, Michelangelo",66461892,,Later Pope Innocent XIII,Pope,,,pope ,"church_official,titled_nobility,clergy",Catholic,male,italian:1,,,,"Rome, Italy",1655-5-13,"Rome, Italy",1724-3-7,,46697,Michele d' Asquier,Michele d',Asquier,"Asquier, Michele d'",,"Imperial Interpreter, Bibliophile",,scholar,,,interpreter,professional,Catholic,male,italian:1,,,,,,,,"Catholic? What does ""bibliophile"" mean? Can we be more specific about his type of knowledge?",47579,Michele Massa,Michele,Massa,"Massa, Michele",,,,Jesuit (S.J.),,,jesuit,clergy,Catholic,male,italian:1,,,,,,,,,46795,Monsignor Menssonnier,Monsignor,Menssonnier,"Menssonnier, Monsignor",,,Monsignor,Monsignor,,,monsignor,clergy,Catholic,male,latin:1,,,,,,,,,46830,Monsignor Salvetti,Monsignor,Salvetti,"Salvetti, Monsignor",,,abbot,abbot,,,abbot,"church_official,clergy",Catholic,male,italian:2,,,,,,,,,47382,Moses Simon de Monte Libano,Moses,Simon de Monte Libano,"Simon de Monte Libano, Moses",,,,,,,,,,male,latin:1;arabic:1,,,,,,,,Is he the one who translated Dandinis SJ travel to Maronites into French?,47439,Muzio Vitelleschi,Muzio,Vitelleschi,"Vitelleschi, Muzio",,,,"Jesuit (S.J.),General of the Society of Jesus",,,"jesuit,jesuit general","clergy,church_official",Catholic,male,italian:2;latin:1,Yes,,,,,,,,46778,Nicasio Panaioti,Nicasio,Panaioti,"Panaioti, Nicasio",,,Panaiotti,interpreter,,,interpreter,professional,,male,italian:1,,,,,,,,,46940,Niccolò Brignone,Niccolò,Brignone,"Brignone, Niccolò",,,,,,,,,,male,italian:1,,,,,,,,,47017,Niccolò Dorrigato,Niccolò,Dorrigato,"Dorrigato, Niccolò",,,,,,,,,,male,italian:1,,,,,,,,,47289,Nicolas Claude Fabri de Peiresc,Nicolas Claude Fabri de,Peiresc,"Peiresc, Nicolas Claude Fabri de",56614685,,,lawyer,"astronomy,antiquarianism,law ","natural philosophy,history/classical scholarship,other",lawyer,professional,Catholic,male,french:11,Yes,"Origines Mvrensis Monasterii, In Heluetijs atque adeo_ Europa_ vniuersa_ celeberrimi, 1620.",,"Belgentier, France",1580-12-1,"Aix-an-Provence, France",1637-6-24,,47280,Nicolas Pappadopolis,Nicolas,Pappadopolis,"Pappadopolis, Nicolas",,,,,,,,,,male,greek:1,,,,,,,,,letter in greek script47404,Nicolaus Stobaeus,Nicolaus,Stobaeus,"Stobaeus, Nicolaus",,,,Jesuit (S.J.),,,jesuit,clergy,Catholic,male,latin:1,Yes,De vera oratione definitione 1738.,,,,,,,47209,Nicolò Mascardi,Nicolò,Mascardi,"Mascardi, Nicolò",,,,Jesuit (S.J.),travel/exploration,travel/exploration,jesuit,clergy,Catholic,male,latin:5;italian:1,,,,"Sarzana, Italy",1610,,1674,missionaire in Chile,46755,Niels Stensen,Niels,Stensen,"Stensen, Niels",,,,"natural philosopher,anatomist","natural philosophy,anatomy,geology",natural philosophy,"physician, bishop, ","church offical, professional",Catholic convert,male,italian:4;latin:1,Yes,"De solido intra solidum naturaliter contento dissertationis prodromus, 1669.",,,,,,,46916,Nithard Biber,Nithard,Biber,"Biber, Nithard",,,,Jesuit (S.J.),,,jesuit,clergy,Catholic,male,latin:3,,,,,,,,,46870,Odoardo  Altham,Odoardo ,Altham,"Altham, Odoardo ",,,Edward Altham,,,,painter,professional,Catholic,male,italian:1,,,,,,,,,46934,Onuphrius Borges (Bürgin),Onuphrius,Borges (Bürgin),"Borges (Bürgin), Onuphrius",,,,Jesuit (S.J.),,,jesuit,clergy,Catholic,male,latin:1,,,,,,,,,46866,Orazio Albizzi,Orazio,Albizzi,"Albizzi, Orazio",,,Bishop of Volterra,Bishop of Volterra,,,bishop,"church_official,clergy",Catholic,male,italian:1,,,,,,,,,47155,Oswald Krüger,Oswald,Krüger,"Krüger, Oswald",,,,Jesuit (S.J.),,,jesuit,clergy,Catholic,male,latin:2,Yes,"(and) Jan Rudomina) Illustriora theoremata et problemata mathematica : ex opticis geometria astronomia sphaera elementari computo ecclesiastico in Alma Academia Vilnensi Societatis Iesu publice_ praelecta, Vilna 1633. Wahrer, rechtschaffen-gla_ubiger Christen Nothwendiger Unterricht im Leben, und Kra_fftiger Hertzens-Trost im Sterben : Das ist: Christliche und einfa_ltige Leichen-Predigt ... Bey ... Leichbestattung Des ... Herrn Georgii Zincken ...Coburg 1672.",,,,,,,47161,Ottavio Lancelloti,Ottavio,Lancelloti,"Lancelloti, Ottavio",,,,,,,,,Catholic,male,latin:1,Yes,"Farfalloni De gli Antichi Historici Notati Dall'Abbate D. Secondo Lancelloti Da Perugia Abbate Oliuetano, Venezia 1662. ",,,1593,,1671,,http://books.google.cz/books?id=7QAaAAAAMAAJ&pg=PA157&dq=Ottavio+Lancellotti&hl=en&sa=X&ei=Svc0T-mjGpCM-wacrKntAQ&redir_esc=y#v=onepage&q=Ottavio%20Lancellotti&f=false46852,Ottavio Piccolomini-Pieri,Ottavio,Piccolomini-Pieri,"Piccolomini-Pieri, Ottavio",,,Duke of Amalfi,"Duke of Amalfi, Prince of the Holy Roman Empire, general, diplomat",,,"duke,prince,general,diplomat","titled_nobility,secular_official",Catholic,male,italian:1,,,,,,,,,47471,Otto van Zyll,Otto van,Zyll,"Zyll, Otto van",,,,Jesuit (S.J.),,,jesuit,clergy,Catholic,male,latin:7,Yes,"Cameracum obsidione liberatum a sereniss. archiduce Leopoldo Guilielmo, Belgii Burgundiaeque gubernatore, Antverpiae 1650.Historia miraculorum B. Mariae Silvaducensis, jam ad D. Gaugerici Bruxellam translatae, antverpiae 1632.",,,,,,,47236,Ovidio Montalbani,Ovidio,Montalbani,"Montalbani, Ovidio",17244782,,,collector,"natural philosophy,astronomy,botany,languages,collecting,medicine","natural philosophy,languages,other",professor,professional,Catholic,male,italian:21;latin:7,Yes,"Le Dettature delle stelle, discorso astrologico per l'anno 1663. Kiposcopia, overo Speculatione de gli horti, discorso del Rugiadoso ac_ademico della Notte, Bologna 1638.",,"Bologna, Italy",1601,,1671,,47054,Paganinus Gaudentius,Paganinus,Gaudentius,"Gaudentius, Paganinus",,,Paganino Gaudenzi,scholar,"languages,history,classical scholarship,apology","languages,history/classical scholarship",professor,,Catholic convert,male,latin:2,Yes,"Gaudenzio, Paganino, and Henricus Ernstius. Ad Antiquitates Etruscas quas Volaterrae nuper dederunt Observationes in quibus Disquisitiones Astronomicae De Etruscarum Antiquitatum Fragmentis auctor quoque notatur. Amstelodami: Jansson, 1639; Academicum instar, in quo ex multigena disciplina non pauca strictim ... ; varia carmina de iisdem aut similibus argumentis inseruntur. Florentiae: Massa, 1639; De philosophiae apud Romanos initio et progressu ... volumen, in quo praeter historiam multa ad contemplationem rerum, et dissidentes veterum sapientum scholas facientia, enarrantur. Pisis: Massa, 1643; Paganini Gaudentii Liber de Justinianaei seculi moribus nonnullis: cum ejusdem dissertatione de successione foeminarum. Argentorati: typis et sumptibus Friderici Spoor, 1654; Beck, Sebastian, and Paganino Gaudenzi. Theorema theologicum de sacrae scripturae seu librorum canonicorum perfectione. Basileae: typis Iohan. Iacobi Genathii, 1613. ",,,,,,should we call his expertise apology? Is there another word?,duplicity/delete47412,Paolo Antonio Terentii,Paolo Antonio,Terentii,"Terentii, Paolo Antonio",,,,,,,,,,male,italian:1,,,,,,,,,different name unreadable46926,Paolo Boccone,Paolo,Boccone,"Boccone, Paolo",12293491,,,"botanist, Cistercian",botany,natural philosophy,Cistercian,clergy,Catholic,male,italian:1,Yes,"Icones & descriptiones rariorum plantarum Siciliæ, Melitæ, Galliæ, & Italiæ quarum unaquæque proprio charactere signata, ab aliis ejusdem classis facile distinguitur. [Oxonii]: E Theatro Sheldoniano, 1674; Museo di fisica e di esperienze variato, e decorato di osservazioni naturali, note medicinali, e ragionamenti secondo i principii de' moderni. Venetia: I.B. Zuccato, 1697; Museo di piante rare della Sicilia, Malta, Corsica, Italia, Piemonte, e Germania ... con l'Appendix ad libros de plantis Andreæ Cœsalpini, e varie observazioni curiose con sue figure in rame. Venetia: I.B. Zuccato, 1697. ",,"Palermo, Italy",1633-04-24,"Altofonte, Italy",1704-12-22,"court botanist to Ferdinando II de Medici and Cosimo III, Charles Plumier studied under him in Rome, Pietro Castelli was his teacher",47269,Paul Olanowski,Paul,Olanowski,"Olanowski, Paul",,,,Jesuit (S.J.),,,jesuit,clergy,Catholic,male,latin:1,,,,,,,,,47282,Pedro de Burdeos Pardo,Pedro de Burdeos,Pardo,"Pardo, Pedro de Burdeos",,,,,,,,clergy,Catholic,male,spanish:1,,,,,,,,,47010,Peter Philipp von Dernbach,Peter Philipp von,Dernbach,"Dernbach, Peter Philipp von",,,Prince-Elector of Bamberg,"Prince-Elector of Bamberg,bishop",,,"prince elector,bishop","clergy,church_official,secular_official",Catholic,male,latin:2;italian:1;german:1,,,,,,,,,47160,Philibert de La Mare,Philibert de,La Mare,"La Mare, Philibert de",,,,"counsellor in the parliament of Dijon, author",,history/classical scholarship,councellor,professional,Protestant,male,latin:1,Yes,,,,1615,,1687,,http://books.google.cz/books?id=XEUDAAAAYAAJ&pg=PA547&dq=philibert+de+la+mare+catholic&hl=en&sa=X&ei=C6cyT77hMoOU-waz2rntBQ&redir_esc=y#v=onepage&q=philibert%20de%20la%20mare%20catholic&f=false46952,Philipp Callmus,Philipp,Callmus,"Callmus, Philipp",,,,Jesuit (S.J.),,,jesuit,clergy,Catholic,male,latin:1,,,,,,,,,46902,Philippe Bebius,Philippe,Bebius,"Bebius, Philippe",,,,Jesuit (S.J.),,,jesuit,clergy,Catholic,male,latin:1,Yes,"Praxis bonarum intentionum, omnibus Christi fidelibus, spiritualis progressus studiosis, perutilis. Duaci: ex officina Ioannis Bogardi, 1619; Flores meditationum ex S. Ignatio, P. Vincentio Bruno, P. Ioanne Busaeo, aliisque soc. Iesu PPbus decerpti, in quibus continentur I. de plerisque mysteriis vitae Christi. II. de sacratissima ejus passione. III. de omnibus dominicis totius anni. IV. de praecipuis Sestis sanctorum. [Auctore P. Philippo Bebius]. Coloniae Agrippinae: sumptibus B. Gualteri, 1623; Q. Horatij Flacci lyrica, prout in scholis Societatis Iesu doceri solent, ab omni obscœnitate purgata. Coloniæ Agrippinæ: Ex officina Birckmannica, sumptibus H. Mylij, 1632 (editor/trans. of Horace?)",,,,,,,47430,Philipp Ernst Vegelin van Claerbergen,Philipp Ernst,Vegelin van Claerbergen,"Vegelin van Claerbergen, Philipp Ernst",,,,,,,secretary,"titled_nobility,secular_official",Protestant,male,german:1,,,,"Palts, The Netherlands",1613-10-10,"Ljouwert, The Netherlands",1693-2-6,,http://www.dbnl.org/tekst/_zev001200401_01/_zev001200401_01_0004.php47019,Philippe Sylvestre Dufour,Philippe Sylvestre,Dufour,"Dufour, Philippe Sylvestre",19788690,,,"Banker, merchant, philosopher, writer",,,merchant,professional,Protestant,male,latin:2,Yes,"Instruction morale d'un pe_re a_ son fils, qui part pour un long voyage: ou, Maniere aise_e de former un jeune homme a_ toutes fortes de vertus. Lyon: A. Celier fils, 1678; The Manner of Making Coffee, Tea, and Chocolate, 1685; Traitez nouveaux & curieux dv cafe_, dv the_ et dv chocolate.Ouvrage e_galement necessire aux medecins, & a_ tous ceux qui aiment leur sante_, 1685.",,,1622,,1687,http://books.google.cz/books?id=IuiP7rayquMC&pg=PA205&lpg=PA205&dq=Philippe+Sylvestre+Dufour+Protestant&source=bl&ots=le6h7qMX_D&sig=wAXXknjnY4xIDzKhJOtZ-Z7UKvM&hl=cs&sa=X&ei=VHwxT43JIMbl4QTZrrnqBA&ved=0CCwQ6AEwAA#v=onepage&q=Philippe%20Sylvestre%20Dufour%20Protestant&f=false,47331,Philipp Jakob Sachs von Löwenheim,Philipp Jakob,Sachs von Löwenheim,"Sachs von Löwenheim, Philipp Jakob",45227957,,,physician,medicine,natural philosophy,physician,professional,,male,latin:3,Yes,"Oceanus macro-microcosmicus, seu dissertatio epistolica de analogo motu aquarum ex & ad oceanum, sanguinis ex & ad cor, Vratislaviae 1664. Dissertatio epistolica de cancris et serpentibus petrefactis ad Philippum Jacobum Sachs a Lewenheimb, cui accessit responsoria dissertatio historico-medica,  1664.",,"Breslau, Poland",1627-8-26,"Breslau, Poland",1672-1-7,,47139,Philipp Kadus,Philipp,Kadus,"Kadus, Philipp",,,,Jesuit (S.J.),,,jesuit,clergy,Catholic,male,latin:1,,,,,,,,,46737,Philipp Müller (Miller),Philipp,Müller (Miller),"Müller (Miller), Philipp",,,,"Jesuit (S.J.),confessor to Emperor Leopold I",,,"jesuit,confessor",clergy,Catholic,male,latin:25 ,,,,,,,,,46935,Pierre Bourdin,Pierre,Bourdin,"Bourdin, Pierre",,,,Jesuit (S.J.),,,jesuit,clergy,Catholic,male,latin:1,,,,,,,,,46963,Pierre Cazré,Pierre,Cazré,"Cazré, Pierre",,,,Jesuit (S.J.),natural philosophy,natural philosophy,jesuit,clergy,Catholic,male,latin:1,Yes,"Physica demonstratio, qua ratio, mensura, modus ac potentia accelerationis motus in naturali descensu gravium determinatur adversus nuper excogitatam a Galilaeo Galilaei,... de eodem motu pseudo-scientiam... (auctore P. Cazraeo.). Parisiis: apud J. Du Brueil, 1645; Colle_ge des Je_suites (Ni_mes), Joseph Besson, and Pierre de Cazre_. Regii Nemausensis collegii Societatis Iesu Elogium de Ludovico Decimo Quarto vrbium expugnatore, et defensore. S.l: s.n, 1654; Gassendi, Pierre, and Pierre de Cazre. Petri Gassendi De proportione, qva gravia decidentia accelerantvr epistolae tres: quibus ad totidem epistolas R.P. Petri Cazraei Societatis Iesv respondetur. Parisiis: Apud Lvdovicvm de Hevqveville, 1646. ",,,,,,,47274,Pierre d' Outreman (Oultreman),Pierre d',Outreman (Oultreman),"Outreman (Oultreman), Pierre d'",,,,Jesuit (S.J.),hagiography,religious/morality,jesuit,clergy,Catholic,male,latin:2,Yes,"Tableaux des personnages signale_s de la Compie. de Jesus, 1623. La Vie du Venerable Pierre l'Hermite. Aucteur de la premie_re Croisade, Valencienne 1631.",,,,,,,47076,Pierre de Gourdan,Pierre de,Gourdan,"Gourdan, Pierre de",,,,Jesuit (S.J.),,,jesuit,clergy,Catholic,male,french:1,Yes,"Le Chrestien heureux par la sainte messe, prouve_ par l'E_criture sainte et par les SS. Pe_res,... par le R. P. Pierre de Gourdan. Lyon: F. Comba, 1686.",,,,,,,46980,Pierre François Chifflet,Pierre François,Chifflet,"Chifflet, Pierre François",,,,Jesuit (S.J.),,,jesuit,clergy,Catholic,male,latin:1,Yes,"Bede, and Pierre-Franc_ois Chifflet. Bedæ presbyteri: et Fredegarii scholastici Concordia ad senioris Dagoberti definiendam monarchiæ periodum, atque ad primæ totius Regum Francorum stirpis chronologiam stabiliendam. Parisiis: Apud Garbielem Martinum, 1681; Chifflet, Jean-Jacques, Claude Cayne, Pierre de Loisy, and Denis-Franc_ois Secousse. Joan. Jac. Chiffletii patricii, consularis, et archiatri Vesontini Vesontio civitas imperialis libera, Sequanorum metropolis, plurimis, nec vulgaribus sacræ, prophanæque historiæ monumentis illustrata, et in duas partes distincta. 1618; Scriptorum veterum de fide catholica quinque opuscula. Divione: apud, P. Chavance, 1656 (editor); Praxis qvotidiana divini amoris svb forma oblationis svi ipsivs: vna_ cum formula_ actuum veræ pietatis erga sacratissimam Dei parentem Virginem: angelis etiam & sanctis, ac nominatim B. Iosepho, accomodata_. Antverpiae: Ex Officina Plantiniana Balthasaris Moreti, 1631; Histoire de l'abbaye royale et de la ville de Tournus, avec les preuves... par le P. Pierre-Franc_ois Chifflet. Dijon: Vve P. Chavance, 1664. ",,,,,,,47052,Pierre Gassendi,Pierre,Gassendi,"Gassendi, Pierre",29547503,,,,"natural philosophy,philosophy,classical scholarship,astronomy,mechanics,optics","natural philosophy,history/classical scholarship",priest,clergy,Catholic,male,,Yes,,,,1592-1-22,,1655-10-24,,47214,Pierre Massol,Pierre,Massol,"Massol, Pierre",,,,President ,,,"president,councillor",secular_official,,male,latin:2,,,,,,,,"president  of the Chambre des Comptes de Bourgogne, counsellor of the King.",47292,Pierre Petit,Pierre,Petit,"Petit, Pierre",,,,,astronomy,natural philosophy,engineer,professional,,male,latin:2,Yes,"De Amazonibus dissertatio, 1687. Miscellanearum observationum Libri quatuor, 1682.",,"Montluçon, France",1594-12-8,"Lagny-sur-Marne, France",1677-8-20,"fortification specialist, creator of astronomical instruments",47303,Pierre Poussines,Pierre,Poussines,"Poussines, Pierre",76339685,,Petrus Possinus,Jesuit (S.J.),,religious/morality,jesuit,clergy,Catholic,male,latin:1,Yes,"Historia Societatis Iesu, Antverpiae 1620.",,,1609,,1686,,47433,Pierre Verne,Pierre,Verne,"Verne, Pierre",,,,Jesuit (S.J.),,,jesuit,clergy,Catholic,male,latin:1,,,,,,,,,47304,Pietro Antonio Preti,Pietro Antonio,Preti,"Preti, Pietro Antonio",,,,,,,,,,male,italian;2,,,,,,,,,46971,Pietro Cervieri,Pietro,Cervieri,"Cervieri, Pietro",,,Cernieri,physician to the cardinal Giovanni Carlo d´Medici,medicine,natural philosophy,physician,professional,Catholic,male,italian:1,,,,,,,,,46950,Pietro Maria Cavina,Pietro Maria,,,,,,Chancellor of Faenza,,,chancellor,secular_official,Catholic,male,latin:1,Yes ,"Commercio de' due mari Adriatico e Mediterraneo per la più breve e spedita strada dell'Italia occidentale considerato nell' antichissima strada per l'Apennino, e sopra il pensiero di un novo canale navigabile da Faenza all' Adriatico, 1682.",,,,,,,http://www.treccani.it/enciclopedia/pietro-maria-cavina_%28Dizionario-Biografico%29/47427,Pietro Pellegrino della Valle,Pietro Pellegrino della,Valle,"Valle, Pietro Pellegrino della",44320954,,,"collector, traveler","collecting,travel/exploration,languages","other,travel/exploration,languages",,titled_nobility,Catholic,male,latin:4,Yes,"Delle conditioni di Abbas re di Persia, Venice 1628.Grammatica della lingua turca di Pietro della Valle il pellegrino, Rome 1649. ",,"Rome, Italy",1586-4-2,"Rome, Italy",1652-4-21,,47521,Pio di Savoia,Pio di,Savoia,"Savoia, Pio di",,,Cardinal,Cardinal,,,cardinal,"clergy,church_official",Catholic,male,italian:1,,,,,,,,,46829,Pope (Antonio Pignatelli) Innocent XII,Pope (Antonio Pignatelli),Innocent XII,"Innocent XII, Pope (Antonio Pignatelli)",,,Archbishop of Larissa,"Papal Nuncio to the Grand Duke of Tuscany,Archbishop of Lari",,,"archbishop,papal nuncio","church_official,clergy",Catholic,male,italian:1,,,,,,,,,46696,Pope (Fabio Chigi) Alexander VII,Pope (Fabio Chigi),Alexander VII,"Alexander VII, Pope (Fabio Chigi)",,,Pope,"Pope,Bishop of Nard",poetry,poetry,"pope,bishop","clergy,church_official",Catholic,male,latin:24;italian:2,Yes,"Philomathi Labores Juveniles, 1656",,"Siena, Italy",1599-02-13,"Rome, Italy",1667-05-22,,47564,Pope (Giulio Rospigliosi) Clement IX,Pope (Giulio Rospigliosi),Clement IX,"Clement IX, Pope (Giulio Rospigliosi)",,,Pope,"Jesuit (S.J.), Pope",,,"pope,jesuit","clergy,church_official",Catholic,male,italian:1,,,,"Pistoia, Italy",1600-1-28,"Rome, Italy",1669-12-9,,46749,Prince Elector of Saxony Johann Georg,Prince Elector of Saxony,Johann Georg,"Johann Georg, Prince Elector of Saxony",,,Prince Elector of Saxony,Prince Elector of Saxony,,,prince elector,titled_nobility,Protestant,male,latin:1;german:2,,,,,,,,,46714,Prince of Lichtenstein Ferdinand Johann,Prince of Lichtenstein,Ferdinand Johann,"Ferdinand Johann, Prince of Lichtenstein",,,Prince of Lichtenstein,Prince of Lichtenstein,,,prince,titled_nobility,Catholic,male,italian:8;latin:6;german:6 ,,,,,1622,,1666,,46836,Prince of the Palatinate Christian August,Prince of the Palatinate,Christian August,"Christian August, Prince of the Palatinate",,,Prince of the Palatinate,Prince of the Palatinate,,,prince,titled_nobility,"Protestant,Catholic convert",male,latin:1,,,,,1622,,1708,Catholic convert??,46718,Prince of Tunis Filippo Carlo (Mahamet Chelebi),Prince of Tunis,Filippo Carlo (Mahamet Chelebi),"Filippo Carlo (Mahamet Chelebi), Prince of Tunis",,,Prince of Tunis,Prince of Tunis,,,prince,titled_nobility,Muslim,male,italian:7,,,,,,,,,46840,Prince of Valletano,Prince of,Valletano,"Valletano, Prince of",,,prince,prince,,,prince,titled_nobility,Catholic,male,italian:1,,,,,,,,,46708,Princess of Lichtenstein Dorothea,Princess of Lichtenstein,Dorothea,"Dorothea, Princess of Lichtenstein",,,Princess of Lichtenstein,Princess of Lichtenstein,,,princess,titled_nobility,Catholic,female,german:1,,,,,,,,,47131,Prospero Intorcetta,Prospero,Intorcetta,"Intorcetta, Prospero",,,,Jesuit (S.J.),"travel/exploration,orientalism","travel/exploration,languages","jesuit,missionary",clergy,Catholic,male,italian:2,Yes,"The meaning of Chinese wisdom as explained by Fr. Ignacio da Costa, Portuguese, of the Society of Jesus, and made public by Fr. Prospero Intorcetta, Sicilian, of the same society, 1662; Sinarum scientia politico-moralis, 1667; Prospero Intorcetta and Philippe Couplet, Confucius Sinarum philosophus, 1687.",,,,,,,46706,Queen of Sweden Christina,Queen of Sweden,Christina,"Christina, Queen of Sweden",4931803,,Queen of Sweden,Queen of Sweden,,,queen,titled_nobility,Catholic convert,female,italian:1;german:2,Yes,,,"Stockholm, Sweden",1626-12-18,"Rome, Italy",1689-04-19,,47156,Quirinus Kuhlmann,Quirinus,Kuhlmann,"Kuhlmann, Quirinus",2542408,,,"poet, mystic","poetry,mysticism","poetry,religious/morality",,mystic,Protestant,male,latin:2,Yes,"Epistolae duae, prior de arte magna sciendi sive combinatoria, Posterior de admirabilibus quibusdam inventis : e_ Lugduno-Batava_ Roman transmissæ cum responsoriis Viri in Orbe terrarum quadripartito celeberrimi Athanasi Kircheri, Lugdunum Batavorum 1679. Responsoria de sapientia infusa Adamaea, Salomonaeaque : circa Februarium 1676 e Lubeca Romam scripta ad Athanasium Kircherum, Londini 1681. Wesentlicher Ku_hlpsalter : das Wunder der Welt, Amsterdam 1686.",,"Breslau, Poland",1651-2-25,"Moscow, Russia",1689-10-4,,47187,Raffaello Maffei,Raffaello,Maffei,"Maffei, Raffaello",,,,,,,,,,male,italian:6;latin:1,,,,,,,,,biographical dates uncertain47237,Raimondo Montecuccoli,Raimondo,Montecuccoli,"Montecuccoli, Raimondo",24639032,,prince,"count, soldier, diplomat, writer","military,natural philosophy","natural philosophy,other","count,general,soldier,diplomat","titled_nobility,secular_official",Catholic,male,german:1,Yes,"Trattato della guerra, Delle battaglie, Tavole militari, Discorso della guerra col Turco in Ungheria, etc.",,"Pavullo nel Frignano, Italy",1609-2-21,"Linz, Austria",1680-10-16,,47341,Raimond Sanset de Puy,Raimond,Sanset de Puy,"Sanset de Puy, Raimond",,,,,,,,,,male,latin:1,,,,,,,,,47278,Ranuccio Pallavicini,Ranuccio,Pallavicini,"Pallavicini, Ranuccio",,,Cardinal,Cardinal,,,"cardinal,inquisitor","church_official,clergy",Catholic,male,italian:1,Yes,"Ritratto di gran personaggio rappresentato a gl'occhi della serenissima Adelaida, Duchessa Elettrice di Baviera, nala Real Principessa di Savoia, Monaco 1667.",,,1632,,1716,,47009,Reinhold Dehnig (Dehn),Reinhold,Dehnig (Dehn),"Dehnig (Dehn), Reinhold",,,,Jesuit (S.J.),,,jesuit,clergy,Catholic,male,"latin:8;latin,greek:1",,,,,,,,,47048,Renée Gaigeart,Renée,Gaigeart,"Gaigeart, Renée",,,Gaigeard,,,,,,,,french:1,,,,,,,,,47090,Roderique Guyzet,Roderique,Guyzet,"Guyzet, Roderique",,,,Jesuit (S.J.),,,jesuit,clergy,Catholic,male,latin:1,,,,,,,,,46889,Salomon Azubi,Salomon,Azubi,"Azubi, Salomon",,,Rabbi,Rabbi,,,rabbi,other_religious,Jewish,male,"latin,hebrew,arabic:1;hebrew:1",,,,,,,,Peiresc correspondent?,47312,Salomon Reisel,Salomon,Reisel,"Reisel, Salomon",77116243,,,physician to Duke of Württemberg,medicine,natural philosophy,physician,professional,Protestant,male,latin:1,Yes,"De valetudine, Basilae 1652. Niderbronner Bades-Art, Eigenschafft, Wirckung und Gebrauch, Strassbourg 1664.",,,1625,,1701,,Member of Academia naturae curiosorum: http://books.google.cz/books?id=IG3Rp8NAO8EC&pg=PA305&dq=Salomon+Reisel+Worms&hl=cs&sa=X&ei=G3I3T6E0zbSEB8ewicoE&ved=0CDwQ6AEwATgU#v=onepage&q=Salomon%20Reisel%20Worms&f=false47021,Salvatore Durando,Salvatore,Durando,"Durando, Salvatore",,,,,,,,,,male,hebrew:1,,,,,,,,,47352,Salvatore Scarducci,Salvatore,Scarducci,"Scarducci, Salvatore",,,,Jesuit (S.J.),,,jesuit,clergy,Catholic,male,italian:1,Yes,"L'anno secolare : festa solennemente celebrata dalla illustrissima citta_ di Torino agli sei di giugno dell'Anno MDCLIII che fu_ l'anno dugentesimo dope il famoso miracolo del Santissimo Sacramento, Torino 1653.",,,,,,,46831,Sebastian Denich,Sebastian,Denich,"Denich, Sebastian",,,Bishop of Regensburg,Bishop of Regensburg,,,bishop,"church_official,clergy",Catholic,male,latin:5,Yes,"Disputatio Iuridica Ex Praecipvis Canonici Ivris Partibvs Desvmpta, 1618.",,,,,,,47095,Severino Han,Severino,Han,"Han, Severino",,,,Jesuit (S.J.),,,jesuit,clergy,Catholic,male,latin:1,,,,,,,,,47102,Siegmund Ferdinand Hartmann,Siegmund Ferdinand,Hartmann,"Hartmann, Siegmund Ferdinand",,,,Jesuit (S.J.),mathematics,natural philosophy,jesuit,clergy,Catholic,male,latin:1,Yes,"La duplications du triangle isogone et des autres figures rectilignes.., in: Journal des Savants 1682. Observatio cometae anno 1664.",,"Vienna, Austria",1632,"Prague, Czech Republic",1681,,47043,Simon Felix,Simon,Felix,"Felix, Simon",,,,Jesuit (S.J.),,,jesuit,clergy,Catholic,male,latin:1,,,,,,,,,47313,Simon Reniger,Simon,Reniger,"Reniger, Simon",,,von Renigen,Imperial Ambassador at Constantinople,,other,diplomat,"secular_official,titled_nobility",Catholic,male,latin:2,,,,,,,,I assume catholic,47369,Simon Schürer,Simon,Schürer,"Schürer, Simon",,,,Jesuit (S.J.),,,jesuit,clergy,Catholic,male,latin:2,Yes,"Annus dominicae passionis, in kalendarii perpetui, menses, hebdomadas, dies, et horas ordinatus, & dicatus, Prague 1670.",,"Sokolov, Czech Republic",1613?,"Prague, Czech Republic",1677,,47443,Simon Wagnereck (Wangnereck),Simon,Wagnereck (Wangnereck),"Wagnereck (Wangnereck), Simon",,,,Jesuit (S.J.),,,jesuit,clergy,Catholic,male,latin:4,,,,,,,,,47248,Sir Robert Moray,Sir Robert,Moray,"Moray, Sir Robert",69213708,,"Murrey, Murray","President of the Royal Society,Member of the Royal Society",,natural philosophy,"president,academy member","professional,titled_nobility",Protestant,male,latin:7;french:3,Yes,"An account, how adits & mines are wrought at Liege without air-shafts, London 1665.",,,1608?,,1673-7-4,,46911,Sophia Anna Bernhardi,Sophia Anna,Bernhardi,"Bernhardi, Sophia Anna",,,Sophianna Corbiniana ,S.R.M. cubicularia,poetry,poetry,"poet, lady in waiting",titled_nobility,Catholic,female,latin:3,Yes,"Serenissimis ac potentissimis Poloniae et Sueciae Majestatibus Joanni Casimiro et Ludovicae Mariae, composita pace ex Prussia reducibus... applaudit Sophianna Corbiniana, conjux Martini Bernardi,...",Martin Bernhard von Bernitz,,,,,,47151,Stanislas Koprowski,Stanislas,Koprowski,"Koprowski, Stanislas",,,,Jesuit (S.J.),,,jesuit,clergy,Catholic,male,latin:1,,,,,,,,,46731,Stanislas Lubienietzki,Stanislas,Lubienietzki,"Lubienietzki, Stanislas",,,,"historian, astronomer, Socinian theologist","history,astronomy,theology","natural philosophy,history/classical scholarship,religious/morality",,,Protestant,male,latin:5,Yes,"Historia Reformationis Polonicae: in qua tum reformatorum tum antitrinitariorum origo & progressus in Polonia & finitimis provinciis narrantur, 1685; Stanislai de Lubienietz Theatrum cometicum daubus partibus constans : quarum altera frequenti Senatu Philosophico conspicua, cometas anni 1664 & 1665 variis Virorum per Europam Clariss cum quibus auctor de hoc argumento contulit, observationibus, dissertationibus, animadversionibus descriptos & quinquaginta novem figuris æneis illustratos, exhibet : quibus immista sunt varia Philosophica & Christiana exempla & monita, ad vitæ melius degendæ usum cuicunque hominum generi convenientia, 1666; Quarum prior continet Epistolas & Communicationes variorum per Europam Clarissimorum Virorum, cum quibus Auctor de hoc Argumento contulit, Rautensteinii, Heinsii, 1681. ",,,,,,Stanis_aw Lubieniecki,46823,Stanislas Pstrokonski,Stanislas,Pstrokonski,"Pstrokonski, Stanislas",,,Bishop of Chelm (Poland),Bishop of Chelm (Poland),,,bishop,"clergy,church_official",Catholic,male,latin:1,,,,,,,,,47388,Stanislas Solski,Stanislas,Solski,"Solski, Stanislas",,,,Jesuit (S.J.),,natural philosophy,jesuit,clergy,Catholic,male,latin:5,Yes,"The Polish Geometer, 1686.",,,1623,,1701,,47041,Stefano Felici,Stefano,Felici,"Felici, Stefano",,,,,,,,,,male,italian:1,,,,,,,,,47512,Thadaeus Damsoniensis,Thadaeus,Damsoniensis,"Damsoniensis, Thadaeus",,,,Concionator Cap. to Alexander VII,,,concionator,church_official,Catholic,male,latin:1,,,,,,,,what is this occupation?,46948,Theodor Bussaeus,Theodor,Bussaeus,"Bussaeus, Theodor",,,,Jesuit (S.J.),,,jesuit,clergy,Catholic,male,latin:1,,,,,,,,,52861,Théodore Moret,Théodore,Moret,"Moret, Théodore",293747660,,,Jesuit (S.J.),mathematics,natural philosophy,jesuit,clergy,Catholic,male,latin:6,Yes,"Tractatus physico-mathematicus de aestu mari, Antverpiae 1665.",,"Antwerp, Belgium",1602-0-0,"Breslau, Poland",1667-0-0,duplicity to no. 47241,46903,Theodoric Becher,Theodoric,Becher,"Becher, Theodoric",,,,Jesuit (S.J.),,,jesuit,clergy,Catholic,male,latin:2,,,,,,,,,47397,Theophil Spizel,Theophil,Spizel,"Spizel, Theophil",32789367,,Gottlieb,"author, preacher in Augsburg",theology,religious/morality,preacher,clergy,Protestant,male,latin:1,Yes,"De re literaria Sinensium commentarius, Lugduni 1660.",,,1639-9-11,,1691-1-7,,46984,Thomas Clagius (Klage),Thomas,Clagius (Klage),"Clagius (Klage), Thomas",,,,Jesuit (S.J.),,,jesuit,clergy,Catholic,male,latin:1,,,,,,,,,47173,Thomas de Leon,Thomas de,Leon,"Leon, Thomas de",,,,Jesuit (S.J.),,,jesuit,clergy,Catholic,male,"latin,hebrew:2;latin:1",,,,,,,,,47455,Thomas Werner,Thomas,Werner,"Werner, Thomas",,,,Jesuit (S.J.),,,jesuit,clergy,Catholic,male,latin:1,,,,,,,,,46847,Tito Livio Burattini,Tito Livio,Burattini,"Burattini, Tito Livio",74903401,,,"architect for the King of Poland,architect, scholar","architecture,travel/exploration,engineering","travel/exploration,other","architect,instrument-maker,engineer",professional,Catholic,male,italian:2;latin:1,Yes,"Misura universale, 1675",,"Agordo, Italy",1617-03-08,"Krakow, Poland",1681-11-17,"Traveled to Egypt, invented system of measurement featured in writing.",noble?47023,Tomasso Ederi,Tomasso,Ederi,"Ederi, Tomasso",,,,,,,,,,male,italian:1,,,,,,,,,47283,Torquato Parisiani,Torquato,Parisiani,"Parisiani, Torquato",,,,Jesuit (S.J.),,,jesuit,clergy,Catholic,male,latin:1,,,,,,,,,47080,Udalrico Grisgoni,Udalrico,Grisgoni,"Grisgoni, Udalrico",,,,Jesuit (S.J.),,,jesuit,clergy,Catholic,male,latin:2,,,,,,,,,47012,Ulrich Dirrhaimer,Ulrich,Dirrhaimer,"Dirrhaimer, Ulrich",,,,Jesuit (S.J.),"church history,theology,philosophy",religious/morality,jesuit,clergy,Catholic,male,latin:1,Yes,"Hazart, Cornelius, Mathias Soutermans, Ulrich Dirrhaimer, and W. P. Killian. Kirchen-Geschichte, das ist, Catholisches Christenthum durch die gantze Welt aussgebreitet ... in vielfa_ltigen Kupffern. Gedruckt zu Wien in Oesterreich: durch Leopoldum Voight, 1678; Divus Aurelius Augustinus Aquila Inter Doctores Ecclesiae: In einer Lob-Predig bey seinen heiligen vnd Hochansehnlichen Reliquien vorgetragen, In dem Hochwu_rdigen deß H. Ro_m. Reichs Gottshauß Unser Lieben Frawen zu Wettenhausen = Der H. Aurelius Augustinus, Ein Adler Under den Kirchen-Lehrern. Augspurg: Utzschneider, 1684; Dirrhaimer, Ulrich, Jakob Koppmayer, and Johann Caspar Brandan. Currus quadrijugus gloriae sanctorum: sive sermones panegyrici breves de sanctis, quos ritu solenni sancta colit ecclesia. Documentis fidei et morum illustrati ... Quadruplici indice instructus, in utilitatem eorum qui Dei verbum tractant. Augustae Vindelicorum: Typis Jacobi Koppmayr. Zu finden bey Johann Caspar Brandan / Burger und Buchbinder in der Kohlergaffen in Augspurg, 1682; Wohl-gemainte Erinnerung Und Hertzliche Anmahnung Zu Wahrer Buß vnd Besserung deß Lebens: Bey disen gefa_hrlichen Zeiten deß Tu_rckischen Einbruchs in die Christenheit, Dem Christlichen Volck, auß Gna_digstem Befelch, vorgetragen den andern Oster-Feyrtag, 20. Aprilis dises 1683.sten Jahrs, In deß H. Ro_m. Reichs Stadt Augspurg Hohen Thumb-Stiffts Kirchen. Augspurg: Utzschneider, 1683; Verosimilia philosophica de compositione continui, et possibilitate infiniti: in III. & VI. lib. Physicorum Aristotelis Stagyritae. Dilinga: Federle, 1673; Disputatio Philosophica De Identitate Et Distinctione Reali. Dilingae: Federle, 1671. ",,,,,,,47087,Ulrich Friedrich Guldenlöwe,Ulrich Friedrich,Guldenlöwe,"Guldenlöwe, Ulrich Friedrich",,,,"count, governor",,,"count,governor","titled_nobility,secular_official",Protestant,male,italian:1,,,,,1638,,1704,I assume protestant ,46782,Ulrich Gering,Ulrich,Gering,"Gering, Ulrich",,,,Jesuit (S.J.),,,jesuit,clergy,Catholic,male,latin:8,,,,,,,,,47504,unidentified cleric,unidentified,cleric,"cleric, unidentified",,,,,,,,clergy,,male,italian:1,,,,,,,,jesuit?,47534,unidentified count,unidentified,count,"count, unidentified",,,,,,,,,,male,latin:1;german:1,,,,,,,,"is this a count, a Jesuit, or both?",47533,unidentified gentleman,unidentified,gentleman,"gentleman, unidentified",,,,,,,,,,male,latin:3,,,,,,,,,47535,unidentified Jesuit,unidentified,Jesuit,"Jesuit, unidentified",,,,Jesuit (S.J.),,,jesuit,clergy,Catholic,male,latin:1,,,,,,,,,47297,Valentin Pistor,Valentin,Pistor,"Pistor, Valentin",,,,preacher,,religious/morality,preacher,clergy,Catholic,male,latin:2,Yes,"Christ-catholische Seelenwacht bey, Francfurti 1652.",,,,,,,http://books.google.cz/books?id=sJVAAAAAYAAJ&pg=PA123&dq=Valentin+Pistor+Frankfurt&hl=cs&sa=X&ei=VYA2T_zKOo6xhAf60OGAAg&ved=0CEIQ6AEwAA#v=onepage&q=Valentin%20Pistor%20Frankfurt&f=false47398,Valentin Stansel (Estansel) de Castro,Valentin,Stansel (Estansel) de Castro,"Stansel (Estansel) de Castro, Valentin",,,disciple of Athanasius Kircher,"Jesuit (S.J.),disciple of Athanasius Kircher",natural philosophy,natural philosophy,jesuit,clergy,Catholic,male,latin:9,Yes,"Orbe affonsino, ou, Horoscopio vniuersal : no qual pelo extremo da sombra inuersa se conhece, que hora seja em qualquer lugar de todo o mundo, o circulo meridional, o oriente & poente do sol, a quantidade dos dias, a altura do polo & equador, ou linha, Evora 1658.",,"Olomouc, Czech Republic",1621,"Bahia, Brazil",1705,,47401,Valentin Steber,Valentin,Steber,"Steber, Valentin",,,,physician,medicine,natural philosophy,physician,professional,Catholic,male,latin:2;italian:2,,,,,,,,,47032,Veit Erbermann,Veit,Erbermann,"Erbermann, Veit",,,,Jesuit (S.J.),"theology,apology","religious/morality,other",jesuit,clergy,Catholic,male,latin:2,Yes,"Alexandri VII. Papae electio et authoritas a cavillis H. Conringii denuo vindicata. 1657; Viti Erbermanni Interrogationes apologeticae ad Hermannum Conringium. Herbipol: Pigrin, 1654; Viti Erbermanni ... Anti-Musaeus, h. e. Parallela ecclesiae verae et falsae. [1]. Herbipoli: Typis Iobi Hertzii, 1659; Bellarmino, Roberto, Veit Erbermann, and Franz Sausen. Roberti Bellarmini ... Disputationes de controversiis christianae fidei adversus hujus temporis haereticos; Trophaea Romana s. catholicae ecclesiae, quae Lutheranismi propugnatoribus Jenensibus, Jo. Musaeo ... eripuit, erexitque Vitus Erbermannus. 1672. ",,,,,,,47166,Vicente Juan de Lastanosa,Vicente Juan de,Lastanosa,"Lastanosa, Vicente Juan de",,,,scholar,collecting,other,collector,"professional, titled_nobility",Catholic,male,spanish:7,Yes,"Tratado de la moneda iaquesa, y de otras de oro, y plata del Reyno …, Zaragoza 1681.",,,1607-2-25,,1681,,47249,Vicente Mutz,Vicente,Mutz,"Mutz, Vicente",,,"Vincente Mut i Armengol, El sargento mayor",El sargento mayor,"astronomy,mathematics,history ","natural philosophy,history/classical scholarship","engineer,sergeant","professional,secular_ official",Catholic,male,latin:3;spanish:4,,,,"Palma, Mallorca",1614,,1687,,47163,Villum Lange,Villum,Lange,"Lange, Villum",20628221,,,professor,"mathematics,astronomy",natural philosophy,professor,professional,Protestant,male,latin:1,Yes,"De annis Christi : libri duo., Lugdunum 1649.Exercitationes mathematicæ 7, de annua emendatione & motu apogei solis, Hafniae 1653.",,,1624,,1682,professor of what?,47169,Vincent Leautaud,Vincent,Leautaud,"Leautaud, Vincent",,,,Jesuit (S.J.),mathematics,natural philosophy,jesuit,clergy,Catholic,male,latin:1,Yes,"Elementa geometriae practica, Dolae 1631.",,,,,,,46867,Vincenzo Alias,Vincenzo,Alias,"Alias, Vincenzo",,,,Jesuit (S.J.),,,jesuit,clergy,Catholic,male,latin:1,,,,,,,,,46887,Vincenzo Auria,Vincenzo,Auria,"Auria, Vincenzo",,,de Auria,"lawyer, poet and historian of Palermo","history,poetry","history/classical scholarship,poetry","lawyer, historian",professional,Catholic,male,italian:2,Yes,"Dell'origine ed antichita_ di Cefalu_. Sala Bolognese: A. Forni, 1656; Historia cronologica delli signori vicere di Sicilia dal tempo che manco_ la personale assistenza de'Serenissimi Re_ di quella, cioe_ dall'anno 1409. sino al 1697. presente. Palermo: Per Pietro Coppola, 1697; La Sicilia inventrice: o vero, Le invenzioni lodevoli nate in Sicilia. Palermo: Felice Marino, 1704; La Giostra, discorso historico... sopra l'origine della giostra in varie parti dell'Europa e della sua introduttione... nella... citta di Palermo... sino a quest'anno... MDCLXXXX. In Palermo: per l'eredi dell'Isola, 1690. ",,,,,,,47022,Vincenzo Durante,Vincenzo,Durante,"Durante, Vincenzo",,,,,,,,,,male,italian:4,,,,,,,,,47527,Vincenzo Fano,Vincenzo,Fano,"Fano, Vincenzo",,,,,,,,,,male,,,,,,,,,,47441,Vincenzo Viviani,Vincenzo,Viviani,"Viviani, Vincenzo",7400500,,,"mathematician, assistant to Galileo, member of Accademia del Cimento",mathematics ,natural philosophy,academy member,professional,Catholic,male,italian:1,Yes,"Discorso intorno al difendersi da' riempimenti e dalle corrosione de' fiumi, 1687.",,,1622-4-5,,1703-9-22,,Galileo´s biographer and editor47351,Vito Scafili,Vito,Scafili,"Scafili, Vito",,,,Jesuit (S.J.),,,jesuit,clergy,Catholic,male,italian:4;latin:1,,,,,,,,,46907,Vitus Bering,Vitus,Bering,"Bering, Vitus",,,,Jesuit (S.J.),,,jesuit,clergy,Catholic,male,latin:1,,,,,,,,This is not the Danish explorer. The letter was written in 1647 and the explorer was born in 1680.,47246,Walter Mumelbroth,Walter,Mumelbroth,"Mumelbroth, Walter",,,,Jesuit (S.J.),,,jesuit,clergy,Catholic,male,latin:1,,,,,,,,,47390,Walter Sonnenberg,Walter,Sonnenberg,"Sonnenberg, Walter",,,Ignacio de Montes,Jesuit (S.J.),travel/exploration,travel/exploration,jesuit,clergy,Catholic,male,latin:3,,,,,,,,missionary,46882,Wenzel (Wenceslaus) Ardensbach von Ardensdorff,Wenzel (Wenceslaus),Ardensbach von Ardensdorff,"Ardensbach von Ardensdorff, Wenzel (Wenceslaus)",,,,physician,medicine,natural philosophy,"physician,knight",professional,Catholic,male,latin:4;italian:1,,,,,,,,"published book, Armamentarium Antiloimicum (1679)",47324,Werner Rolfink,Werner,Rolfink,"Rolfink, Werner",57370875,,,physician,"botany,medicine",natural philosophy,physician,professional,Protestant,male,latin:1,Yes,"De catarrho oculorum aurium nasi morbis, Jenae 1636.",,,1599-11-15,,1673-5-6,,"http://de.wikisource.org/wiki/ADB:Rolfink,_Werner"46740,Wilderich von Walderdorff,Wilderich von,Walderdorff,"Walderdorff, Wilderich von",,,Bishop of Vienna,"Bishop of Vienna,Baron",,,"bishop,baron,count","clergy,church_official,titled_nobility",Catholic,male,latin:3,Yes,"Sacrae quietis Augustale honori ... Wilderici dei gratia episcopi Viennensis ... cum ad VI. nonas Martias anno MDCLXXI Herbipoli, in cathedrali ecclesia ... jubilaeus renunciaretur, 1671.",,,,,,,47658,Wilhelm Ferstein,Wilhelm,Ferstein,"Ferstein, Wilhelm",,,Itzstein,,,,jesuit,clergy,Catholic,male,"latin, italian:1",,,,,,,,,correct name is Itzstein47089,Wilhelm Gumppenberg,Wilhelm,Gumppenberg,"Gumppenberg, Wilhelm",,,,Jesuit (S.J.),,,jesuit,clergy,Catholic,male,latin:1,Yes,"Atlas Marianus quo Sanctae dei genitricis Mariae imaginum miraculosarum origines Duodecim Historiarum Centuriis explicantur. 1672; Iesvs Vir Dolorvm Mariae Matris Dolorosae Filius. Monachii: von Gelder, 1672.",,,,,,,47451,Wilhelm Weilhamer,Wilhelm,Weilhamer,"Weilhamer, Wilhelm",,,,Jesuit (S.J.),theology,religious/morality,jesuit,clergy,Catholic,male,"latin,german:1",Yes,"Dispvtatio Theologica De Fide Christiana, Monachii 1624.",,,,,,,47024,Willem van den Eede,Willem van den,Eede,"Eede, Willem van den",,,,Jesuit (S.J.),,,jesuit,clergy,Catholic,male,latin:3,Yes,"Laurus Austriaca augausissimo cæsari Leopoldo Primo victoriis adversus Portam Ottomannicam. Gandavi: typis H. Saetreuver, 1689; Lyden en stryden door t'gheduerigh cruys Jesu Christi Van det beghinkl tot het eynde fijns levens: In Rym-dich ghestelt Beneffens de vysthien Smerten van de Alder-Heiligste Maget ende Moeder Godts Maria Ende cenighe Godt-vruchtighe overlgghinghen voor eenen Christen-Mensch. Te Ghendt: By Hendrick Saetreuver, 1691. ",,,,,,,47111,Wolfgang Christian Herdtrich,Wolfgang Christian,Herdtrich,"Herdtrich, Wolfgang Christian",,,Christian Wolfgang Herdtrich,Jesuit (S.J.),,,jesuit,clergy,Catholic,male,latin:1,Yes,"Jesuits, Prospero Intorcetta, Ludovico Buglio, C. de Magalhae_s, Ferdinand Verbiest, Gabriel_e Magalianes, and Christian Wolfgang Herdtrich. Compendiosa narratione dello stato della missione cinese, cominciad_odall'anno 1581. fino al 1669. In Roma: Per Francesco Tizzoni, 1672.",,,,,,,47031,Wolfgang Endter,Wolfgang,Endter,"Endter, Wolfgang",,,,publisher,,,publisher,professional,,male,latin:1,,,,,,,,,47058,Wolfgang Gelb,Wolfgang,Gelb,"Gelb, Wolfgang",,,,Jesuit (S.J.),,,jesuit,clergy,Catholic,male,latin:2,,,,,,,,,46985,Wolfgang Kaspar Clengel,Wolfgang Kaspar,Clengel,"Clengel, Wolfgang Kaspar",,,Wolf Caspar von Klengel,,architecture,other,architect,professional,,male,italian:3 ,,,,"Dresden, Germany",1630-6-8,"Dresden, Germany",1691-1-10,,47422,Zacharias Ignaz Trinkellii,Zacharias Ignaz,Trinkellii,"Trinkellii, Zacharias Ignaz",,,,Jesuit (S.J.),,,jesuit,clergy,Catholic,male,latin:2,,,,,,,,,47418,Zacharias Traber,Zacharias,Traber,"Traber, Zacharias",,,,Jesuit (S.J.),natural philosophy,natural philosophy,jesuit,clergy,Catholic,male,latin:1,Yes,"Nervvs Opticvs Sive Tractatus Theoricus, In Tres Libros Opticam Catoptricam Dioptricam Distribvtvs : In quibus radiorum a_ lumine, vel objecto per medium Diaphanum processus, Natura, Proprietates, & Effectus, selectis, & rarioribus Experientijs, Figuris, Demonstrationibusq_ue exhibentur, Viennae 1675.",,,,,,,